tree
version=v4
num_class=1
num_tree_per_iteration=1
label_index=0
max_feature_idx=12
objective=binary sigmoid:1
feature_names=model_confidence vol_ratio body_ratio upper_wick_ratio lower_wick_ratio rsi atr z_score dist_ema20 dist_ema50 spread_ratio sentiment_score regime_state
feature_infos=[0.5020844103520713:0.94987295297875873] [0.80708017992941317:2.998710196695467] [0.10000581737768308:0.59891042784098913] [0.10039203445677974:0.69973462195026315] [0.10001843130722946:0.6986496334061203] [20.3710293584538:79.961018028332006] [0.00050357085769794181:0.0029986517026491829] [-4.3492708198027223:4.6474491511068861] [-3.2210163559857135:3.5290551875704841] [-5.7549833226890543:5.066074378623969] [0.05073637593315327:0.34990196157262765] [-0.49984225542194327:0.49869848184128684] [0:3]
tree_sizes=1601 1715 1710 1704 1710 1710 1707 1707 1715 1703 1712 1711 1709 1711 1710 1704 1706 1709 1709 1707 1718 1710 1709 1708 1703 1711 1710 1709 1707 1715 1716 1710 1717 1715 1705 1717 1706 1710 1714 1709 1710 1714 1711 1704 1711 1710 1709 1702 1711 1707

Tree=0
num_leaves=15
num_cat=0
split_feature=12 10 1 0 7 7 0 0 0 7 7 2 7 0
split_gain=229.747 216.164 117.969 57.0413 42.4365 68.0225 33.4599 31.0598 13.9657 12.5205 12.007 9.30769 4.13617 0.166102
threshold=2.5000000000000004 0.24897337392348168 1.2065701001694851 0.70513851582561859 1.0275157704130304 -0.98766270264901779 0.69229598157158145 0.56340078020477657 0.82098373394919821 -0.90113418415496438 -0.73439651998041955 0.37200513753572734 0.75846996426585511 0.65706751426002274
decision_type=2 2 2 2 2 2 2 2 2 2 2 2 2 2
left_child=1 2 6 13 5 -5 -1 10 -2 -10 -4 -8 -11 -3
right_child=8 3 7 4 -6 -7 11 -9 9 12 -12 -13 -14 -15
leaf_value=-0.099999999999999978 -0.10000000000000001 -0.099999999999999992 0.080000000000000016 0.068421052631578952 0.08461538461538462 -0.099999999999999978 -0.023076923076923082 0.10000000000000001 0.019999999999999987 -0.10000000000000003 -0.017647058823529415 0.061538461538461535 -0.039999999999999994 -0.090000000000000011
leaf_weight=10.750000000000002 43.5 24.500000000000004 4.9999999999999991 9.4999999999999982 9.7499999999999982 16.250000000000004 6.4999999999999982 87.5 5.0000000000000027 6.7499999999999982 8.4999999999999982 6.5 5 4.9999999999999991
leaf_count=43 174 98 20 38 39 65 26 350 20 27 34 26 20 20
internal_value=0 0.0270092 0.0655311 -0.0469231 -0.00422535 -0.0378641 -0.0347368 0.0891089 -0.0850622 -0.0462687 0.0185185 0.0192308 -0.0744681 -0.0983051
internal_weight=250 189.75 124.75 65 35.5 25.75 23.75 101 60.25 16.75 13.5 13 11.75 29.5
internal_count=1000 759 499 260 142 103 95 404 241 67 54 52 47 118
is_linear=0
shrinkage=0.05


Tree=1
num_leaves=15
num_cat=0
split_feature=12 10 1 0 7 7 0 0 0 7 7 2 7 4
split_gain=207.804 195.517 106.738 51.6212 38.3735 61.5333 30.2833 28.1731 12.6783 11.3233 10.8543 8.40805 3.75774 0.167777
threshold=2.5000000000000004 0.24897337392348168 1.2065701001694851 0.70513851582561859 1.0275157704130304 -0.98766270264901779 0.69229598157158145 0.56340078020477657 0.82098373394919821 -0.90113418415496438 -0.73439651998041955 0.37200513753572734 0.75846996426585511 0.21018173187973282
decision_type=2 2 2 2 2 2 2 2 2 2 2 2 2 2
left_child=1 2 6 13 5 -5 -1 10 -2 -10 -4 -8 -11 -3
right_child=8 3 7 4 -6 -7 11 -9 9 12 -12 -13 -14 -15
leaf_value=-0.095241872246060302 -0.095241872246060344 -0.085262815270249731 0.076123800857066048 0.065077435865345395 0.080531110450162105 -0.095241872246060316 -0.021926046752981009 0.095241872246060344 0.019001933648864183 -0.095241872246060344 -0.016766036396657996 0.058517876570246707 -0.038015466079826921 -0.095325417976119584
leaf_weight=10.723169878125193 43.391431599855423 4.9877576529979732 4.9920085072517386 9.4888902902603132 9.7325691282749158 16.209442839026455 6.4991348683834058 87.281615287065506 4.9994999170303371 6.7331531792879087 8.4993383288383466 6.4938499331474304 4.9980005621910095 24.440983295440674
leaf_count=43 174 20 20 38 39 65 26 350 20 27 34 26 20 98
internal_value=-8.81929e-08 0.0257141 0.0623877 -0.0446757 -0.00402277 -0.0360453 -0.0330487 0.0848479 -0.0809846 -0.0440078 0.0176047 0.0182796 -0.0708608 -0.0936199
internal_weight=249.471 189.349 124.489 64.8596 35.4309 25.6983 23.7162 100.773 60.1221 16.7307 13.4913 12.993 11.7312 29.4287
internal_count=1000 759 499 260 142 103 95 404 241 67 54 52 47 118
is_linear=0
shrinkage=0.05


Tree=2
num_leaves=15
num_cat=0
split_feature=12 10 1 0 7 7 0 0 0 7 7 7 7 8
split_gain=188.724 177.562 97.0305 46.951 34.8243 55.9015 27.5513 25.7904 11.6333 10.2797 9.84216 8.39413 3.45537 0.167449
threshold=2.5000000000000004 0.24897337392348168 1.2065701001694851 0.70513851582561859 1.0275157704130304 -0.98766270264901779 0.69229598157158145 0.56340078020477657 0.82098373394919821 -0.90113418415496438 -0.73439651998041955 -0.63941984969013599 0.75846996426585511 1.0581452419519082
decision_type=2 2 2 2 2 2 2 2 2 2 2 2 2 2
left_child=1 2 6 13 5 -5 -1 10 -2 -10 -4 -8 -11 -3
right_child=8 3 7 4 -6 -7 11 -9 9 12 -12 -13 -14 -15
leaf_value=-0.091131780775723578 -0.091131780775723592 -0.091268124173739501 0.072650541711305791 0.062031586830751752 0.076898724986968522 -0.091131780775723578 0.068267052762632799 0.091131780775723592 0.01805701885958344 -0.091131780775723606 -0.015931289866928305 -0.01440245618045711 -0.036156163482733761 -0.081181397292349744
leaf_weight=10.648201495409014 43.088071167469025 24.27556581795216 4.9696549773216239 9.4577983915805799 9.6838220804929716 16.096118539571766 4.9897477030754089 86.671407520771027 4.9980989098548916 6.6860800087451917 8.4974840283393842 7.9835963249206525 4.9923998117446899 4.9542491286993018
leaf_count=43 174 98 20 38 39 65 20 350 20 27 34 32 20 20
internal_value=-3.96311e-07 0.0245775 0.0596271 -0.0427082 -0.00384565 -0.0344443 -0.0315279 0.0811295 -0.077408 -0.0419492 0.0167573 0.0173935 -0.0676304 -0.0895585
internal_weight=247.992 188.228 123.76 64.4676 35.2377 25.5539 23.6215 100.139 59.7646 16.6766 13.4671 12.9733 11.6785 29.2298
internal_count=1000 759 499 260 142 103 95 404 241 67 54 52 47 118
is_linear=0
shrinkage=0.05


Tree=3
num_leaves=15
num_cat=0
split_feature=12 10 1 0 7 7 0 0 0 7 7 2 7 7
split_gain=171.991 161.797 88.5834 42.8889 31.701 50.9731 25.1832 23.797 10.773 9.36274 8.94778 7.61997 3.21017 0.164909
threshold=2.5000000000000004 0.24897337392348168 1.2065701001694851 0.70513851582561859 1.0275157704130304 -0.98766270264901779 0.69229598157158145 0.56340078020477657 0.82098373394919821 -0.90113418415496438 -0.73439651998041955 0.37200513753572734 0.75846996426585511 -1.7548210016998433
decision_type=2 2 2 2 2 2 2 2 2 2 2 2 2 2
left_child=1 2 6 13 5 -5 -1 10 -2 -10 -4 -8 -11 -3
right_child=8 3 7 4 -6 -7 11 -9 9 12 -12 -13 -14 -15
leaf_value=-0.087549100739152064 -0.087549100739152091 -0.07765011365464819 0.069512566036480247 0.059238188030642104 0.073639985711939346 -0.087549100739152078 -0.021709876981080428 0.087549100739152091 0.017161786798609927 -0.087549100739152105 -0.015139960937021711 0.054960186537893863 -0.034409502171933039 -0.087711416221735783
leaf_weight=10.532576248049738 42.620192259550095 4.9041891694068935 4.9351444840431204 9.4097746610641462 9.6085800379514676 15.921336188912393 6.4961348176002485 85.73027178645134 4.99593257904053 6.6134781092405301 8.4946164488792402 6.4668222963809967 4.9837413430213928 24.018821716308594
leaf_count=43 174 20 20 38 39 65 26 350 20 27 34 26 20 98
internal_value=-9.30648e-07 0.0235681 0.0571709 -0.0409698 -0.00368936 -0.0330219 -0.0301219 0.0778545 -0.0742419 -0.0400619 0.015968 0.0165385 -0.0647131 -0.0860054
internal_weight=245.732 186.518 122.656 63.8627 34.9397 25.3311 23.4955 99.16 59.2133 16.5932 13.4298 12.963 11.5972 28.923
internal_count=1000 759 499 260 142 103 95 404 241 67 54 52 47 118
is_linear=0
shrinkage=0.05


Tree=4
num_leaves=15
num_cat=0
split_feature=12 10 1 0 7 7 0 0 0 7 7 7 7 0
split_gain=157.222 147.892 81.1461 39.3268 28.9349 46.6294 23.1067 22.1094 10.0562 8.55171 8.15304 7.61905 3.00864 0.160228
threshold=2.5000000000000004 0.24897337392348168 1.2065701001694851 0.70513851582561859 1.0275157704130304 -0.98766270264901779 0.69229598157158145 0.56340078020477657 0.82098373394919821 -0.90113418415496438 -0.73439651998041955 -0.63941984969013599 0.75846996426585511 0.65706751426002274
decision_type=2 2 2 2 2 2 2 2 2 2 2 2 2 2
left_child=1 2 6 13 5 -5 -1 10 -2 -10 -4 -8 -11 -3
right_child=8 3 7 4 -6 -7 11 -9 9 12 -12 -13 -14 -15
leaf_value=-0.084401502427522368 -0.084401502427522396 -0.084566621249554039 0.066656233071917578 0.056660657155098729 0.070693342055568917 -0.084401502427522368 0.064380545770712741 0.084401502427522396 0.01631310890949169 -0.08440150242752241 -0.014389427830783216 -0.014538595545084377 -0.032764749644904771 -0.074584556610523559
leaf_weight=10.382824659347536 42.014220714569092 23.683601960539821 4.8904100060462943 9.3474985659122449 9.5110644400119764 15.694967508316042 4.9633686244487762 84.511363506317139 4.9931204319000271 6.5194480419158918 8.4908941686153394 7.9677412509918195 4.9725058674812317 4.8419931828975669
leaf_count=43 174 98 20 38 39 65 20 350 20 27 34 32 20 20
internal_value=-1.55238e-06 0.0226681 0.054981 -0.0394212 -0.00355027 -0.0317478 -0.0288506 0.0749462 -0.071416 -0.0383208 0.01523 0.0157531 -0.0620586 -0.0828722
internal_weight=242.785 184.286 121.207 63.0791 34.5535 25.0425 23.3139 97.8927 58.4993 16.4851 13.3813 12.9311 11.492 28.5256
internal_count=1000 759 499 260 142 103 95 404 241 67 54 52 47 118
is_linear=0
shrinkage=0.05


Tree=5
num_leaves=15
num_cat=0
split_feature=12 10 1 0 7 7 0 0 0 10 7 2 9 4
split_gain=144.098 135.523 74.5778 36.181 26.4715 42.7771 21.2782 20.6658 9.45252 8.62339 7.44341 6.92749 5.6292 0.164765
threshold=2.5000000000000004 0.24897337392348168 1.2065701001694851 0.70513851582561859 1.0275157704130304 -0.98766270264901779 0.69229598157158145 0.56340078020477657 0.82098373394919821 0.25370105955881889 -0.73439651998041955 0.37200513753572734 -0.34503336144233054 0.21018173187973282
decision_type=2 2 2 2 2 2 2 2 2 2 2 2 2 2
left_child=1 2 6 13 5 -5 -1 10 -2 12 -4 -8 -10 -3
right_child=8 3 7 4 -6 -7 11 -9 9 -11 -12 -13 -14 -15
leaf_value=-0.081617122023786334 -0.081617122023786348 -0.071616113486804744 0.064038461135618049 0.054269134684355486 0.068009679159210357 -0.081617122023786348 -0.021442577561620574 0.081617122023786348 0.027435189053437215 -0.092268000415333659 -0.013677281820184729 0.051815179304513674 -0.043358898902433662 -0.081822707661293986
leaf_weight=10.20465260744095 41.293245434761047 4.7626234591007259 4.8371475934982291 9.273326247930525 9.3949760198593122 15.425637662410738 6.4881491363048536 83.061125874519348 4.9181856364011773 4.893843784928321 8.4864575266838056 6.4204977452754974 6.544427990913392 23.290029868483543
leaf_count=43 174 20 20 38 39 65 26 350 20 20 34 26 27 98
internal_value=-2.29896e-06 0.0218562 0.0530016 -0.0380315 -0.00342558 -0.0305981 -0.0276602 0.0723445 -0.0688747 -0.0367056 0.0145375 0.0149943 -0.0129838 -0.0800899
internal_weight=239.294 181.645 119.498 62.1466 34.0939 24.699 23.1133 96.3847 57.6497 16.3565 13.3236 12.9086 11.4626 28.0527
internal_count=1000 759 499 260 142 103 95 404 241 67 54 52 47 118
is_linear=0
shrinkage=0.05


Tree=6
num_leaves=15
num_cat=0
split_feature=12 10 1 0 7 7 0 0 0 10 7 7 9 3
split_gain=132.265 124.487 68.7192 33.385 24.2668 39.3419 19.6521 19.4194 9.01961 7.91 6.94293 6.80705 5.10458 0.165634
threshold=2.5000000000000004 0.24897337392348168 1.2065701001694851 0.70513851582561859 1.0275157704130304 -0.98766270264901779 0.69229598157158145 0.56340078020477657 0.82098373394919821 0.25370105955881889 -0.63941984969013599 -0.73439651998041955 -0.34503336144233054 0.59326364733121417
decision_type=2 2 2 2 2 2 2 2 2 2 2 2 2 2
left_child=1 2 6 13 5 -5 -1 11 -2 12 -8 -4 -10 -3
right_child=8 3 7 4 -6 -7 10 -9 9 -11 -12 -13 -14 -15
leaf_value=-0.079139124155677032 -0.079139124155677046 -0.079408491022062308 0.061624272721924278 0.052039040724305922 0.065549329578588986 -0.079139124155677032 0.060975640443747994 0.079139124155677046 0.026018443064417026 -0.0886267225755486 -0.01460310226683271 -0.013001318382894686 -0.041453640903673789 -0.06926812898956565
leaf_weight=10.003050252795221 40.477459162473679 22.618266567587856 4.776844084262847 9.1893267631530744 9.2635575681924802 15.120889917016031 4.9197055399417877 81.420176476240158 4.9264635890722284 4.8414452672004691 7.9474132061004621 8.4814296364784223 6.5039899349212655 4.8992854058742514
leaf_count=43 174 97 20 38 39 65 20 350 20 20 32 34 27 21
internal_value=-2.67786e-06 0.021122 0.0512121 -0.0367757 -0.00331301 -0.0295534 -0.0265721 0.0700014 -0.0665006 -0.0350615 0.0142942 0.0138857 -0.0123735 -0.0776031
internal_weight=235.389 178.64 117.549 61.0913 33.5738 24.3102 22.8702 94.6785 56.7494 16.2719 12.8671 13.2583 11.4305 27.5176
internal_count=1000 759 499 260 142 103 95 404 241 67 52 54 47 118
is_linear=0
shrinkage=0.05


Tree=7
num_leaves=15
num_cat=0
split_feature=12 10 1 0 7 7 0 0 0 7 2 7 7 8
split_gain=121.658 114.57 63.4854 30.886 22.2849 36.264 18.3342 18.2026 8.64195 7.79351 6.31429 6.23421 2.88422 0.167502
threshold=2.5000000000000004 0.24897337392348168 1.2065701001694851 0.70513851582561859 1.0275157704130304 -0.98766270264901779 0.56340078020477657 0.69229598157158145 0.82098373394919821 -0.90113418415496438 0.37200513753572734 -0.73439651998041955 0.75846996426585511 1.0581452419519082
decision_type=2 2 2 2 2 2 2 2 2 2 2 2 2 2
left_child=1 2 7 13 5 -5 11 -1 -2 -10 -9 -4 -11 -3
right_child=8 3 6 4 -6 -7 -8 10 9 12 -12 -13 -14 -15
leaf_value=-0.076921967446682796 -0.076921967446682823 -0.077152722209543612 0.059384963374379089 0.049950002004060634 0.063279883131970874 -0.07692196744668281 0.076921967446682823 -0.021135624238154641 0.018443317464558569 -0.07919887556929929 0.049006923324882115 -0.012359489381366049 -0.028027228372685693 -0.066658203554345208
leaf_weight=9.7823785394430178 39.584508508443832 22.350347772240642 4.710802733898162 9.0973149240016919 9.1196491420268995 14.787316396832468 79.624011367559433 6.4757660329341871 4.9865995943546322 6.2693744450807554 6.3592795431613922 8.4759194254875165 4.9104334712028503 4.5816251486539832
leaf_count=43 174 98 20 38 39 65 350 26 20 27 26 34 20 20
internal_value=-3.18201e-06 0.0204509 0.0495731 -0.0356339 -0.00321074 -0.0285982 0.0678782 -0.0255423 -0.0643416 -0.0335377 0.0136174 0.0132704 -0.0567231 -0.0753674
internal_weight=231.115 175.364 115.428 59.9363 33.0043 23.8846 92.8107 22.6174 55.7509 16.1664 12.835 13.1867 11.1798 26.932
internal_count=1000 759 499 260 142 103 404 95 241 67 52 54 47 118
is_linear=0
shrinkage=0.05


Tree=8
num_leaves=15
num_cat=0
split_feature=12 10 1 0 7 7 0 0 0 10 7 7 9 4
split_gain=112.169 105.641 58.7692 28.6419 20.4963 33.4944 17.3822 16.8992 8.26802 7.41481 6.34722 5.71682 4.51873 0.170173
threshold=2.5000000000000004 0.24897337392348168 1.2065701001694851 0.70513851582561859 1.0275157704130304 -0.98766270264901779 0.56340078020477657 0.69229598157158145 0.82098373394919821 0.25370105955881889 -0.63941984969013599 -0.73439651998041955 -0.34503336144233054 0.21018173187973282
decision_type=2 2 2 2 2 2 2 2 2 2 2 2 2 2
left_child=1 2 7 13 5 -5 11 -1 -2 12 -9 -4 -10 -3
right_child=8 3 6 4 -6 -7 -8 10 9 -11 -12 -13 -14 -15
leaf_value=-0.074928717734039751 -0.074928717734039779 -0.064472331966206317 0.057296793897522694 0.047984995856895724 0.061174629473807689 -0.074928717734039765 0.074928717734039779 0.057958617984981031 0.025904978777465157 -0.084775662167818067 -0.014608069386890819 -0.011749899059422982 -0.037924953767174689 -0.075170193108256789
leaf_weight=9.5464480072259921 38.629812866449356 4.480516746640208 4.6401643753051749 8.9988807439804059 8.9657357186079008 14.430677220225336 77.703646570444107 4.8627200722694397 4.9058144092559823 4.7253716588020316 7.9232528209686262 8.4700231552124006 6.3769075870513925 21.825153321027756
leaf_count=43 174 20 20 38 39 65 350 20 20 20 32 34 27 98
internal_value=-4.08069e-06 0.0198369 0.0480738 -0.0345898 -0.00311728 -0.0277197 0.0659435 -0.0245925 -0.0624079 -0.0321934 0.0129903 0.0126882 -0.0101712 -0.0733481
internal_weight=226.485 171.847 113.146 58.701 32.3953 23.4296 90.8138 22.3324 54.6379 16.0081 12.786 13.1102 11.2827 26.3057
internal_count=1000 759 499 260 142 103 404 95 241 67 52 54 47 118
is_linear=0
shrinkage=0.05


Tree=9
num_leaves=15
num_cat=0
split_feature=12 10 1 0 1 7 7 0 0 0 7 7 7 7
split_gain=103.52 97.5523 54.5173 26.6173 19.6319 17.9681 41.4186 16.5413 15.7259 7.98822 7.16517 5.77848 5.24811 2.77724
threshold=2.5000000000000004 0.24897337392348168 1.2065701001694851 0.70513851582561859 1.1983389324685874 -0.98766270264901779 1.0275157704130304 0.56340078020477657 0.69229598157158145 0.82098373394919821 -0.90113418415496438 -0.63941984969013599 -0.73439651998041955 0.75846996426585511
decision_type=2 2 2 2 2 2 2 2 2 2 2 2 2 2
left_child=1 2 8 -3 -5 -6 -7 12 -1 -2 -11 -10 -4 -12
right_child=9 3 7 4 5 6 -8 -9 11 10 13 -13 -14 -15
leaf_value=-0.073129109219791474 -0.073129109219791502 -0.071515057116500774 0.055339968711620557 -0.092712813567033758 0.079854957901927856 -0.073129109219791502 0.076249076117123504 0.073129109219791502 0.055545976641142705 0.0188979436149589 -0.076120067918041337 -0.013874379760521791 -0.011170790000932539 -0.025357013857641848
leaf_weight=9.2985828667879122 37.62682369351387 25.647660508751869 4.5659255981445304 5.118712171912196 7.490877151489264 11.244797885417936 7.901015803217887 75.686139613389969 4.8212845623493195 4.9731284379959115 6.0514412969350779 7.9250776767730695 8.4638239145278913 4.8568814843893051
leaf_count=43 174 118 20 23 32 52 35 350 20 20 27 32 34 20
internal_value=-4.70412e-06 0.0192692 0.0466847 -0.0336299 -0.0030314 0.0142025 -0.0114843 0.064171 -0.0236857 -0.060578 -0.0308417 0.0123837 0.0121361 -0.053518
internal_weight=221.672 168.164 110.761 57.4031 31.7554 26.6367 19.1458 88.7159 22.0449 53.5083 15.8815 12.7464 13.0297 10.9083
internal_count=1000 759 499 260 142 119 87 404 95 241 67 52 54 47
is_linear=0
shrinkage=0.05


Tree=10
num_leaves=15
num_cat=0
split_feature=12 10 1 0 1 7 7 0 0 0 10 2 7 7
split_gain=95.7371 90.2093 50.6596 24.7712 17.9117 16.5881 38.4453 15.7939 14.663 7.70253 7.00096 5.80217 4.82236 4.18349
threshold=2.5000000000000004 0.24897337392348168 1.2065701001694851 0.70513851582561859 1.1983389324685874 -0.98766270264901779 1.0275157704130304 0.56340078020477657 0.69229598157158145 0.82098373394919821 0.25370105955881889 0.37200513753572734 -0.73439651998041955 -0.27684753646516602
decision_type=2 2 2 2 2 2 2 2 2 2 2 2 2 2
left_child=1 2 8 -3 -5 -6 -7 12 -1 -2 13 -10 -4 -11
right_child=9 3 7 4 5 6 -8 -9 11 10 -12 -13 -14 -15
leaf_value=-0.071498061843969105 -0.071498061843969146 -0.069842564705381499 0.053497864223857494 -0.088863033333043254 0.077563595402682192 -0.071498061843969146 0.074322013558713568 0.071498061843969146 -0.021493831122578827 0.026951580949778259 -0.081601730647215057 0.04610286085378551 -0.010620527774856045 -0.034955068828501842
leaf_weight=9.0416818708181399 36.587270826101303 24.966032743453979 4.4889569282531729 5.074533715844157 7.3306078910827699 10.934126913547514 7.7055324614047995 73.595084995031357 6.4429997801780683 4.8064053505659095 4.5887505114078513 6.257816880941391 8.4573951661586744 6.3139843642711631
leaf_count=43 174 118 20 23 32 52 35 350 26 20 20 26 34 27
internal_value=-3.99484e-06 0.0187509 0.0453972 -0.0327637 -0.00294505 0.0138431 -0.0112168 0.0625392 -0.0228329 -0.0589244 -0.0296398 0.0118117 0.0116116 -0.00819805
internal_weight=216.591 164.295 108.284 56.0108 31.0448 25.9703 18.6397 86.5414 21.7425 52.2964 15.7091 12.7008 12.9464 11.1204
internal_count=1000 759 499 260 142 119 87 404 95 241 67 52 54 47
is_linear=0
shrinkage=0.05


Tree=11
num_leaves=15
num_cat=0
split_feature=12 10 1 0 1 7 7 0 0 0 10 7 7 9
split_gain=88.6028 83.5322 47.1456 23.1078 16.7157 17.8104 36.864 15.1256 13.6955 7.48787 6.51686 5.30591 4.43471 4.00562
threshold=2.5000000000000004 0.24897337392348168 1.2065701001694851 0.69087935312360671 1.1983389324685874 -0.98766270264901779 1.0275157704130304 0.56340078020477657 0.69229598157158145 0.82098373394919821 0.25370105955881889 -0.63941984969013599 -0.73439651998041955 -0.34503336144233054
decision_type=2 2 2 2 2 2 2 2 2 2 2 2 2 2
left_child=1 2 8 -3 -5 -6 -7 12 -1 -2 13 -10 -4 -11
right_child=9 3 7 4 5 6 -8 -9 11 10 -12 -13 -14 -15
leaf_value=-0.070014658411279879 -0.070014658411279893 -0.070352381809003078 0.051756437547811944 -0.084249822394075913 0.078046195818900266 -0.07004637327953904 0.07257989257478642 0.070014658411279893 0.053039941281215336 0.026150567475665604 -0.079219485625628458 -0.013840189883879046 -0.010097578957491155 -0.034437408556406666
leaf_weight=8.7782638072967547 35.521346569061279 22.81876577436924 4.4100165367126456 5.4307928830385235 7.3702736645937028 11.43972212076187 7.5011401623487464 71.450984477996826 4.7487775981426239 4.8648272454738608 4.4928260296583167 7.8973348140716535 8.4508017599582654 6.2104879021644583
leaf_count=43 174 111 20 25 33 56 35 350 20 20 20 32 34 27
internal_value=-3.06101e-06 0.018272 0.0441996 -0.0319746 -0.00438539 0.0120992 -0.0135622 0.0610298 -0.0220325 -0.0573423 -0.0284282 0.0112742 0.0111124 -0.00782417
internal_weight=211.386 160.297 105.736 54.5607 31.7419 26.3111 18.9409 84.3118 21.4244 51.0895 15.5681 12.6461 12.8608 11.0753
internal_count=1000 759 499 260 149 124 91 404 95 241 67 52 54 47
is_linear=0
shrinkage=0.05


Tree=12
num_leaves=15
num_cat=0
split_feature=12 10 1 0 7 7 0 0 0 7 2 7 7 1
split_gain=82.096 77.4423 43.9408 21.5922 15.4978 26.9351 14.5248 12.8141 7.29463 6.36836 5.31236 4.081 2.83462 0.000343838
threshold=2.5000000000000004 0.24897337392348168 1.2065701001694851 0.69087935312360671 1.0275157704130304 -0.98766270264901779 0.56340078020477657 0.69229598157158145 0.82098373394919821 -0.90113418415496438 0.37200513753572734 -0.73439651998041955 0.75846996426585511 1.4596580545891484
decision_type=2 2 2 2 2 2 2 2 2 2 2 2 2 2
left_child=1 2 7 -3 5 -5 11 -1 -2 -10 -9 -4 -11 -7
right_child=8 3 6 4 -6 13 -8 10 9 12 -12 -13 -14 -15
leaf_value=-0.068661265570651761 -0.068661265570651789 -0.068969893737121715 0.05010378523363173 0.043643403882074633 0.05437662081591163 -0.068148782160850907 0.068661265570651789 -0.021085468879114423 0.019564012838106604 -0.072949344575874597 0.043869235815411654 -0.0096005134297558123 -0.020720225697504105 -0.068686032479091011
leaf_weight=8.5105168372392672 34.437905341386795 22.129822388291359 4.3297621607780448 8.6649921983480471 8.2551041096448881 4.2968071103096035 69.271648675203323 6.4208277165889722 4.9335410594940177 5.7426379323005659 6.1751353144645691 8.4440979063510877 4.7437952011823654 9.703760012984274
leaf_count=43 174 111 20 39 39 22 350 26 20 27 26 34 20 49
internal_value=-2.41773e-06 0.0178278 0.0430754 -0.031264 -0.00427806 -0.0256409 0.0596273 -0.0212651 -0.0558637 -0.0272824 0.0107584 0.0106365 -0.0493222 -0.0685211
internal_weight=206.06 156.202 103.152 53.0505 30.9207 22.6656 82.0455 21.1065 49.8579 15.42 12.596 12.7739 10.4864 14.0006
internal_count=1000 759 499 260 149 110 404 95 241 67 52 54 47 71
is_linear=0
shrinkage=0.05


Tree=13
num_leaves=15
num_cat=0
split_feature=12 10 1 0 1 7 7 0 0 0 10 7 7 7
split_gain=76.1639 71.8616 41.0033 20.2335 15.4604 15.6015 32.3182 13.9818 12.0063 7.0924 6.21298 4.88148 3.75764 3.58992
threshold=2.5000000000000004 0.24897337392348168 1.2065701001694851 0.69087935312360671 1.1983389324685874 -0.98766270264901779 1.0275157704130304 0.56340078020477657 0.69229598157158145 0.82098373394919821 0.25370105955881889 -0.63941984969013599 -0.73439651998041955 -0.27684753646516602
decision_type=2 2 2 2 2 2 2 2 2 2 2 2 2 2
left_child=1 2 8 -3 -5 -6 -7 12 -1 -2 13 -10 -4 -11
right_child=9 3 7 4 5 6 -8 -9 11 10 -12 -13 -14 -15
leaf_value=-0.067422959538740834 -0.067422959538740876 -0.067705772546038281 0.04852973397094712 -0.082275165079949253 0.075030593717861721 -0.06745079104053095 0.069887735122724462 0.067422959538740876 0.050763515270187354 0.026504262383915372 -0.076876931612146718 -0.013767129078790833 -0.0091279929518543034 -0.031351674282840213
leaf_weight=8.2403324544429797 33.344601094722748 21.433509081602097 4.2487645149230948 5.2373043745756176 7.0803451687097612 10.739681094884871 7.1256006509065619 67.072473466396332 4.6705882251262665 4.7556450217962256 4.3354924321174613 7.8666529655456525 8.4373332560062391 6.146601974964141
leaf_count=43 174 111 20 25 33 56 35 350 20 20 20 32 34 27
internal_value=-3.90268e-06 0.0173994 0.0420208 -0.0305569 -0.00417671 0.01222 -0.0126731 0.0583185 -0.0205411 -0.0545085 -0.026248 0.0102729 0.0101824 -0.00611446
internal_weight=200.735 152.153 100.536 51.6164 30.1829 24.9456 17.8653 79.7586 20.7776 48.5823 15.2377 12.5372 12.6861 10.9022
internal_count=1000 759 499 260 149 124 91 404 95 241 67 52 54 47
is_linear=0
shrinkage=0.05


Tree=14
num_leaves=15
num_cat=0
split_feature=12 10 1 0 1 7 7 0 0 0 10 2 9 7
split_gain=70.7053 66.75 38.3094 18.9576 14.2164 14.4997 30.1793 13.4886 11.2659 6.9348 5.81603 4.87088 3.55436 3.46152
threshold=2.5000000000000004 0.24897337392348168 1.2065701001694851 0.69087935312360671 1.1983389324685874 -0.98766270264901779 1.0275157704130304 0.56340078020477657 0.69229598157158145 0.82098373394919821 0.25370105955881889 0.37200513753572734 -0.34503336144233054 -0.73439651998041955
decision_type=2 2 2 2 2 2 2 2 2 2 2 2 2 2
left_child=1 2 8 -3 -5 -6 -7 13 -1 -2 12 -10 -11 -4
right_child=9 3 7 4 5 6 -8 -9 11 10 -12 -13 -14 -15
leaf_value=-0.066286975607042026 -0.06628697560704204 -0.066546784663101835 0.047025587278708328 -0.079501840156742054 0.07334194525941555 -0.066312547504774277 0.068545287035697539 0.06628697560704204 -0.020663988154231698 0.026183143919194064 -0.074976804578214873 0.041819296484873043 -0.031401967790742287 -0.0086787508123785696
leaf_weight=7.9693426489830044 32.248037695884705 20.734187945723534 4.1675159335136405 5.1511882096529034 6.8861189335584703 10.386771157383917 6.9074282050132743 64.866742491722107 6.3959258794784528 4.8189883828163138 4.2258751243352881 6.0878112614154816 6.0361678749322882 8.4305488467216474
leaf_count=43 174 111 20 25 33 56 35 350 26 20 20 26 27 34
internal_value=-3.22079e-06 0.0170101 0.041022 -0.0299523 -0.00408398 0.0119825 -0.0124494 0.0570922 -0.0198425 -0.0531986 -0.0252114 0.00980657 -0.0058379 0.00974858
internal_weight=195.313 147.984 97.9179 50.0657 29.3315 24.1803 17.2942 77.4648 20.4531 47.3291 15.081 12.4837 10.8552 12.5981
internal_count=1000 759 499 260 149 124 91 404 95 241 67 52 47 54
is_linear=0
shrinkage=0.05


Tree=15
num_leaves=15
num_cat=0
split_feature=12 10 1 0 1 7 7 0 7 7 0 7 7 7
split_gain=65.6908 62.0566 35.8273 17.7811 13.0925 13.4978 28.2164 13.0387 10.9673 20.674 6.79052 5.68963 3.18996 2.89207
threshold=2.5000000000000004 0.24897337392348168 1.2065701001694851 0.69087935312360671 1.1983389324685874 -0.98766270264901779 1.0275157704130304 0.56340078020477657 1.0475922753079308 -1.2555528660409696 0.82098373394919821 -0.90113418415496438 -0.73439651998041955 0.75846996426585511
decision_type=2 2 2 2 2 2 2 2 2 2 2 2 2 2
left_child=1 2 8 -3 -5 -6 -7 12 9 -1 -2 -12 -4 -13
right_child=10 3 7 4 5 6 -8 -9 -10 -11 11 13 -14 -15
leaf_value=0.047097028231528143 -0.065242368042419771 -0.065481589391813116 0.045583884409175594 -0.07693640216031955 0.071805990524192606 -0.065265922990965106 0.06731667778783311 0.065242368042419771 0.046282385847927432 -0.078868323754357594 0.020079022649899258 -0.070494731994853857 -0.008251613791530386 -0.016660588054699606
leaf_weight=4.7111585438251504 31.15388560295105 20.035609021782875 4.0864393115043631 5.059147700667384 6.6867977529764238 10.034597888588904 6.6874006390571585 62.665861845016479 4.8544432222843161 10.555516302585602 4.878109246492385 5.4253185391426069 8.423780143260954 4.6186170876026154
leaf_count=22 174 111 20 25 33 56 35 350 22 51 20 27 34 20
internal_value=-2.64615e-06 0.0166446 0.0400777 -0.0293955 -0.00399833 0.0117652 -0.012244 0.0559385 -0.0191808 -0.0399965 -0.0519579 -0.0242231 0.00933365 -0.0457396
internal_weight=189.877 143.801 95.2972 48.5036 28.4679 23.4088 16.722 75.1761 20.1211 15.2667 46.0759 14.922 12.5102 10.0439
internal_count=1000 759 499 260 149 124 91 404 95 73 241 67 54 47
is_linear=0
shrinkage=0.05


Tree=16
num_leaves=15
num_cat=0
split_feature=12 10 1 0 0 1 7 7 0 0 7 11 7 7
split_gain=61.0898 57.6842 33.588 16.694 12.6264 12.0741 12.5837 26.4109 10.4039 6.63679 6.15441 4.43836 3.23313 2.90504
threshold=2.5000000000000004 0.24897337392348168 1.2065701001694851 0.69087935312360671 0.56340078020477657 1.1983389324685874 -0.98766270264901779 1.0275157704130304 0.69229598157158145 0.82098373394919821 -0.94731641399762034 0.10832996406374025 0.53700440828031959 0.75846996426585511
decision_type=2 2 2 2 2 2 2 2 2 2 2 2 2 2
left_child=1 2 8 -3 12 -5 -7 -8 -1 -2 -11 -10 -4 -12
right_child=9 3 4 5 -6 6 7 -9 11 10 13 -13 -14 -15
leaf_value=-0.064727931221071372 -0.064279664959604049 -0.064500399601683953 -0.011827626564396745 -0.074552780873201649 0.064279664959604049 0.070404068704465236 -0.064301408586866005 0.066189346495402354 -0.018963509607841066 0.024364207112795255 -0.06973803406454078 0.041044312678381108 0.040271116748558863 -0.015893052630359592
leaf_weight=7.5418833047151592 30.066995948553085 19.340980604290962 7.4717443883419019 4.9623217731714275 60.479589551687241 6.4840910583734575 9.6847279667854291 6.4668270200490943 6.4271067976951581 4.6373920291662207 5.4999914765357953 5.9193277359008789 4.9512109160423279 4.6000680178403854
leaf_count=43 174 111 34 25 350 33 56 35 27 19 28 25 20 20
internal_value=-2.7342e-06 0.0162877 0.0391367 -0.0288813 0.0548489 -0.00391895 0.0115658 -0.012055 -0.0184579 -0.050807 -0.0233203 0.00980641 0.0089365 -0.0452144
internal_weight=184.534 139.73 92.7909 46.9389 72.9025 27.598 22.6356 16.1516 19.8883 44.8044 14.7375 12.3464 12.423 10.1001
internal_count=1000 759 499 260 404 149 124 91 95 241 67 52 54 48
is_linear=0
shrinkage=0.05


Tree=17
num_leaves=15
num_cat=0
split_feature=12 10 1 0 0 1 7 7 7 7 0 10 7 9
split_gain=56.8482 53.6222 31.4174 15.6878 12.3869 11.1487 11.7472 24.7465 9.90051 18.9574 6.48735 5.66579 3.10048 3.07222
threshold=2.5000000000000004 0.24897337392348168 1.2065701001694851 0.69087935312360671 0.56340078020477657 1.1983389324685874 -0.98766270264901779 1.0275157704130304 1.0475922753079308 -1.2555528660409696 0.82098373394919821 0.25370105955881889 -0.73439651998041955 -0.34503336144233054
decision_type=2 2 2 2 2 2 2 2 2 2 2 2 2 2
left_child=1 2 8 -3 12 -5 -7 -8 9 -1 -2 13 -4 -12
right_child=10 3 4 5 -6 6 7 -9 -10 -11 11 -13 -14 -15
leaf_value=0.045624339949813526 -0.063390651975293533 -0.063594725667241808 0.044556794554276843 -0.072329132967846238 0.063390651975293533 0.06912040717717903 -0.06341075816275725 0.065152480206264116 0.044465620753029796 -0.076389339436652715 0.026557208129426791 -0.073079564276741615 -0.0087745903566501856 -0.027698877519940136
leaf_weight=4.6396091580390939 28.991488695144653 18.653035849332809 4.0269657969474784 4.8617016524076488 58.316212892532349 6.2794729024171891 9.3384934514760918 6.2468328326940528 4.8134715408086768 10.143438100814819 4.752993941307067 4.0066218376159659 8.4306293129920942 5.784506529569625
leaf_count=22 174 111 20 25 350 33 56 35 22 51 20 20 34 27
internal_value=-3.19534e-06 0.0159412 0.0382097 -0.0284049 0.0537226 -0.00384514 0.0113825 -0.0118807 -0.0178163 -0.0380958 -0.04972 -0.0224696 0.00846499 -0.00322639
internal_weight=179.285 135.75 90.3703 45.3795 70.7738 26.7265 21.8648 15.5853 19.5965 14.783 43.5356 14.5441 12.4576 10.5375
internal_count=1000 759 499 260 404 149 124 91 95 73 241 67 54 47
is_linear=0
shrinkage=0.05


Tree=18
num_leaves=15
num_cat=0
split_feature=12 10 1 0 0 1 7 7 0 0 7 7 7 7
split_gain=52.9038 49.9099 29.4953 14.7547 12.0292 10.3057 10.9798 23.2091 9.66033 6.37499 5.67212 3.95369 3.08205 2.82104
threshold=2.5000000000000004 0.24897337392348168 1.2065701001694851 0.69087935312360671 0.56340078020477657 1.1983389324685874 -0.98766270264901779 1.0275157704130304 0.69229598157158145 0.82098373394919821 -0.94731641399762034 -0.63941984969013599 0.53700440828031959 0.75846996426585511
decision_type=2 2 2 2 2 2 2 2 2 2 2 2 2 2
left_child=1 2 8 -3 12 -5 -7 -8 -1 -2 -11 -10 -4 -12
right_child=9 3 4 5 -6 6 7 -9 11 10 13 -13 -14 -15
leaf_value=-0.063455078073271207 -0.06256815182797236 -0.062757160133230766 -0.012330636640652311 -0.070247013563787028 0.06256815182797236 0.067941576726517836 -0.062586780914483595 0.064196730073523264 0.047045723508917933 0.024144834122413309 -0.068106506100281974 -0.011907659218632606 0.038583248090276433 -0.014251418011800058
leaf_weight=7.1222533434629467 27.930843383073807 17.974086135625839 7.4054557085037214 4.7581536620855358 56.182730942964554 6.0742095708847108 8.9970178604125923 6.028379797935485 4.5016156882047662 4.6066642552614203 5.2469106912612897 7.7233004122972462 4.9654188752174377 4.531854122877121
leaf_count=43 174 111 34 25 350 33 56 35 20 19 28 32 20 20
internal_value=-3.14735e-06 0.0156206 0.0373534 -0.0279625 0.05274 -0.00377631 0.0112134 -0.0117196 -0.0171667 -0.0486406 -0.0215987 0.00980091 0.00810517 -0.043148
internal_weight=174.049 131.733 87.9008 43.8318 68.5536 25.8578 21.0996 15.0254 19.3472 42.3163 14.3854 12.2249 12.3709 9.77876
internal_count=1000 759 499 260 404 149 124 91 95 241 67 52 54 48
is_linear=0
shrinkage=0.05


Tree=19
num_leaves=15
num_cat=0
split_feature=12 10 1 0 0 7 7 1 7 7 0 10 2 7
split_gain=49.2842 46.5213 28.0341 13.4231 11.6964 10.7726 15.6879 10.4156 10.0905 21.2573 6.24264 5.40777 3.05447 2.72601
threshold=2.5000000000000004 0.25130953022075758 1.2065701001694851 0.69087935312360671 0.56340078020477657 1.0475922753079308 -1.2555528660409696 1.1983389324685874 -0.98766270264901779 1.0275157704130304 0.82098373394919821 0.25370105955881889 0.29020513911949303 -0.27684753646516602
decision_type=2 2 2 2 2 2 2 2 2 2 2 2 2 2
left_child=1 2 5 -3 12 6 -1 -5 -9 -10 -2 13 -4 -12
right_child=10 3 4 7 -6 -7 -8 8 9 -11 11 -13 -14 -15
leaf_value=0.036276387781321889 -0.061805886229419231 -0.061981226903399335 0.040184877908532056 -0.077630626954095006 0.061469959982361745 0.04670771401025274 -0.074121946038363223 0.066921849284912252 -0.061823526477992878 0.063313984690677005 0.02672639030494893 -0.071505721231533648 -0.011261851014753983 -0.024917465505000208
leaf_weight=4.7774822860956201 26.887974321842194 17.306068599224091 4.5662935972213727 4.0106880664825466 54.581330344080925 5.0343821048736563 9.8579226136207581 5.6936337351799073 8.5067335069179482 5.6462188661098471 4.5896822512149802 3.8387715965509406 7.8362017273902893 5.7645603567361823
leaf_count=23 174 111 20 22 353 23 52 32 55 34 20 20 34 27
internal_value=-3.4617e-06 0.0153087 0.0360992 -0.0284575 0.0515103 -0.0163822 -0.0380843 -0.00413942 0.010712 -0.0119008 -0.047645 -0.0208178 0.00767957 -0.00202551
internal_weight=168.898 127.817 86.6536 41.1633 66.9838 19.6698 14.6354 23.8573 19.8466 14.153 41.081 14.193 12.4025 10.3542
internal_count=1000 759 505 254 407 98 75 143 121 89 241 67 54 47
is_linear=0
shrinkage=0.05


Tree=20
num_leaves=15
num_cat=0
split_feature=12 10 1 0 0 0 7 7 0 10 2 7 9 4
split_gain=45.8989 43.3352 25.8876 13.0488 11.5835 9.02024 8.97521 15.1009 6.13967 5.08484 3.58175 3.00935 2.72589 0.00173221
threshold=2.5000000000000004 0.24897337392348168 1.2065701001694851 0.69087935312360671 0.56340078020477657 0.69229598157158145 1.0275157704130304 -0.98766270264901779 0.82098373394919821 0.25370105955881889 0.37200513753572734 -0.73439651998041955 -0.34503336144233054 0.40704637110525455
decision_type=2 2 2 2 2 2 2 2 2 2 2 2 2 2
left_child=1 2 5 -3 11 13 7 -5 -2 12 -7 -4 -10 -1
right_child=8 3 4 6 -6 10 -8 -9 9 -11 -12 -13 -14 -15
leaf_value=-0.061631938809266797 -0.061098302904556416 -0.061261217752221458 0.043309581214396632 0.03352989609037571 0.061102027742591838 -0.01654279545725789 0.045990276443687646 -0.06087671717641005 0.026165669727476772 -0.070113752755011999 0.037979228856805186 -0.0095616976516657726 -0.025458287676063857 -0.063238988066014454
leaf_weight=3.4711170643568066 25.865298002958298 16.650597259402275 3.9522426128387442 7.1474220901727721 52.039027959108353 6.2114491611719114 6.5974851995706549 10.398197770118713 4.6975599825382224 3.722191095352172 5.8484950661659241 8.4361831247806531 5.6118906587362281 3.243790939450264
leaf_count=23 174 111 20 39 350 26 39 71 20 20 26 34 27 20
internal_value=-4.46453e-06 0.0150047 0.0357021 -0.0272094 0.0507578 -0.0159628 -0.00372511 -0.022419 -0.0466516 -0.0200213 0.00989777 0.00730567 -0.00193554 -0.0624083
internal_weight=163.893 123.996 83.2023 40.7937 64.4275 18.7749 24.1431 17.5456 39.8969 14.0316 12.0599 12.3884 10.3095 6.71491
internal_count=1000 759 499 260 404 95 149 110 241 67 52 54 47 43
is_linear=0
shrinkage=0.05


Tree=21
num_leaves=15
num_cat=0
split_feature=12 10 1 0 0 1 7 7 0 0 7 11 7 7
split_gain=42.7549 40.3926 24.3168 12.3461 11.2834 9.01425 9.1841 19.4447 8.49757 6.04195 5.04457 3.51071 2.92488 2.86191
threshold=2.5000000000000004 0.24897337392348168 1.2065701001694851 0.69087935312360671 0.56340078020477657 1.1983389324685874 -0.98766270264901779 1.0275157704130304 0.69229598157158145 0.82098373394919821 -0.94731641399762034 0.10832996406374025 0.53700440828031959 0.75846996426585511
decision_type=2 2 2 2 2 2 2 2 2 2 2 2 2 2
left_child=1 2 8 -3 12 -5 -7 -8 -1 -2 -11 -10 -4 -12
right_child=9 3 4 5 -6 6 7 -9 11 10 13 -13 -14 -15
leaf_value=-0.061664002562247681 -0.060440514164336968 -0.060592100907200547 -0.01310490215431886 -0.067663524718171567 0.060443982787351483 0.065375878088897249 -0.060484317046866944 0.061936052562591173 -0.016352907636791484 0.023980739577977171 -0.066448580463212545 0.037810284590253596 0.036564896014170234 -0.010987634891469408
leaf_weight=6.4625473618507412 24.864790141582489 16.008993580937386 7.3240208923816663 4.4564829915761974 50.026261806488037 5.5637878030538621 8.0226892530918068 5.4451737999916068 6.2777406722307187 4.5391594171524039 4.9298849403858167 5.7156403064727783 4.9786748886108398 4.4040010422468185
leaf_count=43 174 111 34 25 350 33 56 35 27 19 28 25 20 20
internal_value=-6.18548e-06 0.0147069 0.0349669 -0.0267315 0.0498942 -0.00365283 0.011336 -0.0109887 -0.0154452 -0.0456908 -0.0192547 0.00945944 0.00699555 -0.0402805
internal_weight=159.02 120.282 80.7849 39.4971 62.329 23.4881 19.0317 13.4679 18.4559 38.7378 13.873 11.9934 12.3027 9.33389
internal_count=1000 759 499 260 404 149 124 91 95 241 67 52 54 48
is_linear=0
shrinkage=0.05


Tree=22
num_leaves=15
num_cat=0
split_feature=12 10 1 0 0 7 7 1 7 7 0 10 7 9
split_gain=39.8684 37.67 23.1451 11.2542 10.9826 9.69389 14.6472 9.20104 8.44585 17.83 5.9265 4.86983 2.9162 2.41036
threshold=2.5000000000000004 0.25130953022075758 1.2065701001694851 0.69087935312360671 0.56340078020477657 1.0475922753079308 -1.0234989052205608 1.1983389324685874 -0.98766270264901779 1.0275157704130304 0.82098373394919821 0.25370105955881889 -0.73439651998041955 -0.34503336144233054
decision_type=2 2 2 2 2 2 2 2 2 2 2 2 2 2
left_child=1 2 5 -3 12 6 -1 -5 -9 -10 -2 13 -4 -12
right_child=10 3 4 7 -6 -7 -8 8 9 -11 11 -13 -14 -15
leaf_value=0.028301242062978633 -0.059828175091086545 -0.059969404797121519 0.042399258438648724 -0.075427134879659186 0.059473759619957212 0.045661867733563108 -0.077031349687971568 0.064543496215660343 -0.059844454493054623 0.061218615344194677 0.025528556592025426 -0.068881831427843848 -0.0098986906366301773 -0.023410958060104504
leaf_weight=5.4011846929788598 23.888045310974121 15.382328465580938 3.89729881286621 3.7293259501457241 48.520270943641663 4.9120633602142325 8.4855171889066696 5.2034603059291866 7.5590395182371122 5.0888688266277313 4.6617717593908301 3.5581661462783805 8.4339631497859937 5.4658867418766013
leaf_count=28 174 111 20 22 353 23 47 32 55 34 20 20 34 27
internal_value=-6.65312e-06 0.0144254 0.0337845 -0.0272907 0.0487653 -0.0147082 -0.0360626 -0.00399783 0.0109245 -0.0111349 -0.0447977 -0.0185627 0.00663009 -0.000884048
internal_weight=154.187 116.613 79.6503 36.963 60.8515 18.7988 13.8867 21.5807 17.8514 12.6479 37.5739 13.6858 12.3313 10.1277
internal_count=1000 759 505 254 407 98 75 143 121 89 241 67 54 47
is_linear=0
shrinkage=0.05


Tree=23
num_leaves=15
num_cat=0
split_feature=12 10 1 0 0 0 1 7 7 0 7 7 7 7
split_gain=37.1658 35.1572 21.452 10.9656 10.8399 8.02287 7.79254 8.10256 17.2393 5.83522 4.66153 3.30321 3.18289 2.79593
threshold=2.5000000000000004 0.24897337392348168 1.2065701001694851 0.69087935312360671 0.56340078020477657 0.69229598157158145 1.1983389324685874 -0.98766270264901779 1.0275157704130304 0.82098373394919821 -0.94731641399762034 -0.63941984969013599 0.78884989649424153 0.53700440828031959
decision_type=2 2 2 2 2 2 2 2 2 2 2 2 2 2
left_child=1 2 5 -3 13 -1 -5 -8 -9 -2 -11 -7 -12 -4
right_child=9 3 4 6 -6 11 7 8 -10 10 12 -13 -14 -15
leaf_value=-0.060906801557747747 -0.05925741706844221 -0.059389163790361403 -0.013450310340552227 -0.064512132846347978 0.059263742887956973 0.044447788623310676 0.063656473128724855 -0.059325247772685399 0.060553515543992881 0.02371164767266367 -0.065743513958145136 -0.010395638332118259 -0.0061362210356618509 0.035176610685241708
leaf_weight=6.103704139590266 22.936315834522247 14.771449014544485 7.2601186037063581 4.2354336008429554 46.157937496900558 4.3295024186372766 5.1671877354383495 7.4124595075845701 5.0368195921182632 4.501188412308692 4.9137901738286001 7.5044709444045994 4.1151122003793716 4.9863052368164062
leaf_count=43 174 111 34 25 350 20 33 56 35 19 29 32 19 20
internal_value=-7.58561e-06 0.0141599 0.0334797 -0.0261124 0.0481684 -0.014346 -0.00361803 0.0110224 -0.0108238 -0.0438957 -0.0178543 0.00966903 -0.0385762 0.00634883
internal_weight=149.432 112.965 76.342 36.6233 58.4044 17.9377 21.8519 17.6165 12.4493 36.4664 13.5301 11.834 9.0289 12.2464
internal_count=1000 759 499 260 404 95 149 124 91 241 67 52 48 54
is_linear=0
shrinkage=0.05


Tree=24
num_leaves=15
num_cat=0
split_feature=12 10 1 0 0 7 7 1 7 7 0 10 7 7
split_gain=34.6761 32.8308 20.3737 10.5468 9.9941 9.16457 13.4371 8.06689 7.44843 15.8099 5.72585 4.67486 2.82323 2.19529
threshold=2.5000000000000004 0.25130953022075758 1.2065701001694851 0.56340078020477657 0.69087935312360671 1.0475922753079308 -1.0234989052205608 1.1983389324685874 -0.98766270264901779 1.0275157704130304 0.82098373394919821 0.25370105955881889 -0.73439651998041955 -0.27684753646516602
decision_type=2 2 2 2 2 2 2 2 2 2 2 2 2 2
left_child=1 2 5 12 -3 6 -1 -6 -9 -10 -2 13 -4 -12
right_child=10 4 3 -5 7 -7 -8 8 9 -11 11 -13 -14 -15
leaf_value=0.027067890916491741 -0.058724781340214943 -0.05884781939562609 0.041528836273651476 0.058343600027344122 -0.072671504339833978 0.045042138023737695 -0.075482441848961079 0.062941551267174087 -0.058738508578425858 0.059932401199452451 0.026169377694764441 -0.067821975996395209 -0.010177092245942081 -0.0210705641122482
leaf_weight=5.2758041918277749 22.01055845618248 14.177010193467138 3.8440734744071952 44.731183171272278 3.5216017961502102 4.87806412577629 8.0960809737443924 4.8252642750740078 6.9648848325014097 4.7008883655071259 4.4544162303209296 3.4007798284292212 8.4284927248954755 5.490800976753234
leaf_count=28 174 111 20 353 22 23 47 32 55 34 20 20 34 27
internal_value=-7.96874e-06 0.0138993 0.0323579 0.0470783 -0.0267294 -0.0136213 -0.0350218 -0.00397658 0.010693 -0.0109184 -0.0430567 -0.0172166 0.00601849 8.79847e-05
internal_weight=144.8 109.443 75.2537 57.0037 34.1896 18.2499 13.3719 20.0126 16.491 11.6658 35.3566 13.346 12.2726 9.94522
internal_count=1000 759 505 407 254 98 75 143 121 89 241 67 54 47
is_linear=0
shrinkage=0.05


Tree=25
num_leaves=15
num_cat=0
split_feature=12 10 1 0 0 0 1 7 7 0 10 7 2 9
split_gain=32.3402 30.6458 18.9389 10.432 9.7599 7.59606 6.7541 7.17183 15.3229 5.63623 4.40631 2.87073 2.75079 2.12644
threshold=2.5000000000000004 0.24897337392348168 1.2065701001694851 0.56340078020477657 0.69087935312360671 0.69229598157158145 1.1983389324685874 -0.98766270264901779 1.0275157704130304 0.82098373394919821 0.25370105955881889 -0.63941984969013599 0.29020513911949303 -0.34503336144233054
decision_type=2 2 2 2 2 2 2 2 2 2 2 2 2 2
left_child=1 2 5 12 -3 -1 -6 -8 -9 -2 13 -7 -4 -11
right_child=9 4 3 -5 6 11 7 8 -10 10 -12 -13 -14 -15
leaf_value=-0.060289052963934955 -0.05822718039286004 -0.058342202657724829 0.036990580425912356 0.058235883650794809 -0.06166956550161852 0.042733862196047856 0.062169339238162306 -0.058320125772610115 0.059356012597143432 0.024949044538036952 -0.066733373487574396 -0.0088858370805151975 -0.012304514813360777 -0.021503875939709243
leaf_weight=5.7640451341867474 21.111475825309753 13.599493399262427 4.4674562215805036 42.497851327061653 4.0154464691877392 4.2346700429916391 4.7847579866647747 6.8348479345440847 4.6472829580307007 4.6020571142435065 3.2863455116748801 7.4002029150724384 7.721252053976059 5.3016857206821433
leaf_count=43 174 111 20 350 25 20 33 56 35 20 20 32 34 27
internal_value=-9.0544e-06 0.0136503 0.0320848 0.0465406 -0.0255699 -0.0133515 -0.00359577 0.0107396 -0.0106918 -0.0422068 -0.0165654 0.00990185 0.00576333 8.1801e-05
internal_weight=140.269 105.967 72.0855 54.6866 33.8818 17.3989 20.2823 16.2669 11.4821 34.3016 13.1901 11.6349 12.1887 9.90374
internal_count=1000 759 499 404 260 95 149 124 91 241 67 52 54 47
is_linear=0
shrinkage=0.05


Tree=26
num_leaves=15
num_cat=0
split_feature=12 10 1 0 0 7 7 1 7 7 0 7 7 7
split_gain=30.1644 28.6585 17.9676 10.1089 8.89114 8.66702 12.3686 7.10002 6.58739 14.0505 5.54949 4.1604 3.1989 2.66002
threshold=2.5000000000000004 0.25130953022075758 1.2065701001694851 0.56340078020477657 0.69087935312360671 1.0475922753079308 -1.0234989052205608 1.1983389324685874 -0.98766270264901779 1.0275157704130304 0.82098373394919821 -0.94731641399762034 0.78884989649424153 0.53700440828031959
decision_type=2 2 2 2 2 2 2 2 2 2 2 2 2 2
left_child=1 2 5 13 -3 6 -1 -6 -9 -10 -2 -12 -13 -4
right_child=10 4 3 -5 7 -7 -8 8 9 -11 11 12 -14 -15
leaf_value=0.025942279279338273 -0.05776180925296346 -0.057869454185453195 -0.013999832443749206 0.057350302804989761 -0.070264383733211394 0.044406116048669092 -0.074117166309090585 0.061550953138187862 -0.057773198099181355 0.058815523759715875 0.023496795498302924 -0.064528976194177232 -0.0034493931434772616 0.033522013009747928
leaf_weight=5.1490934044122705 20.239543721079826 13.039235189557077 7.1821717917919141 41.157000735402107 3.3154046237468746 4.8417064100503913 7.7175486385822305 4.4623890966177013 6.4042614027857727 4.3322458267211914 4.4211668372154227 4.6159616708755475 4.0022441148757935 4.9909709095954895
leaf_count=28 174 111 34 353 22 23 47 32 55 34 19 29 19 20
internal_value=-8.91242e-06 0.0134089 0.0310212 0.0455113 -0.0262429 -0.0126168 -0.0340744 -0.00396893 0.0104924 -0.0107289 -0.0413733 -0.0159352 -0.036164 0.00548406
internal_weight=135.871 102.592 71.0385 53.3301 31.5535 17.7083 12.8666 18.5143 15.1989 10.7365 33.2789 13.0394 8.61821 12.1731
internal_count=1000 759 505 407 254 98 75 143 121 89 241 67 48 54
is_linear=0
shrinkage=0.05


Tree=27
num_leaves=15
num_cat=0
split_feature=10 12 1 0 7 7 0 0 12 1 7 7 7 9
split_gain=28.4737 25.1292 16.8772 9.95426 7.91943 11.5578 7.30376 5.83666 6.16334 6.64278 6.20088 13.256 2.72997 2.40352
threshold=0.25130953022075758 2.5000000000000004 1.2065701001694851 0.56340078020477657 1.0475922753079308 -1.0234989052205608 0.82098373394919821 0.69087935312360671 2.5000000000000004 1.1983389324685874 -0.98766270264901779 1.0275157704130304 -0.73439651998041955 -0.41073787304166137
decision_type=2 2 2 2 2 2 2 2 2 2 2 2 2 2
left_child=1 2 4 12 5 -1 -3 -2 9 -9 -11 -12 -4 -8
right_child=7 6 3 -5 -6 -7 13 8 -10 10 11 -13 -14 -15
leaf_value=0.024700583815152333 -0.057401479852523966 -0.057326173855321141 0.04050682596545721 0.056880948032686056 0.04217041846391148 -0.072696906481319351 0.028488421411526826 -0.069093450285174593 -0.061616493637541514 0.060923169525438407 -0.057336849282072756 0.058311990402279724 -0.010648714451920296 -0.021490000057533955
leaf_weight=5.1378345042467126 16.732140339910984 12.038302034139635 3.778736174106597 39.46461559087038 4.8434164673089972 7.4809189066290864 4.3634837865829468 3.2057943046093049 6.2592815011739722 4.2873847633600262 6.1371075659990257 4.1556416898965836 8.4180703759193403 5.3612525761127454
leaf_count=28 149 108 20 353 23 47 19 22 48 32 55 34 34 28
internal_value=-1.11759e-05 0.0155635 0.0303156 0.0446795 -0.0121797 -0.0330407 -0.0312922 -0.0347247 -0.0189448 -0.00392766 0.0104006 -0.0106443 0.00519997 0.00093529
internal_weight=131.664 90.8866 69.1236 51.6614 17.4622 12.6188 21.763 40.7774 24.0452 17.7859 14.5801 10.2927 12.1968 9.72474
internal_count=1000 660 505 407 98 75 155 340 191 143 121 89 54 47
is_linear=0
shrinkage=0.05


Tree=28
num_leaves=15
num_cat=0
split_feature=10 12 1 0 7 7 0 0 12 1 7 7 7 9
split_gain=26.7305 23.3744 15.8961 9.71819 7.24074 10.8654 7.03515 5.53101 5.79926 6.22015 5.84038 12.5122 2.54749 2.17694
threshold=0.25130953022075758 2.5000000000000004 1.2065701001694851 0.56340078020477657 1.0475922753079308 -1.2555528660409696 0.82098373394919821 0.69087935312360671 2.5000000000000004 1.1983389324685874 -0.98766270264901779 1.0275157704130304 0.53700440828031959 -0.41073787304166137
decision_type=2 2 2 2 2 2 2 2 2 2 2 2 2 2
left_child=1 2 4 12 5 -1 -3 -2 9 -9 -11 -12 -4 -8
right_child=7 6 3 -5 -6 -7 13 8 -10 10 11 -13 -14 -15
leaf_value=0.031160692794877667 -0.056988610579236224 -0.056918004151423535 -0.014223204570934215 0.056436256169472926 0.040069904602444952 -0.06678619901569384 0.027074130816576954 -0.067998480584648094 -0.06098108452906259 0.060335502167542326 -0.056928008087092453 0.057841155459593618 0.032356565927903216 -0.020577562326908605
leaf_weight=4.3873162865638742 16.02848906069994 11.531223714351656 7.1200917959213239 37.828209616243839 4.8424626141786566 7.9839674606919298 4.3618876785039902 3.097299709916121 6.0144768878817549 4.1170003488659885 5.8786592632532066 3.9843294024467468 4.9942686557769775 5.3201015293598157
leaf_count=23 149 108 34 353 23 52 19 22 48 32 55 34 20 28
internal_value=-1.25378e-05 0.0152205 0.0296731 0.0439547 -0.0117621 -0.0320506 -0.0305335 -0.0344227 -0.0187591 -0.00388894 0.0103147 -0.010565 0.00497978 0.000890271
internal_weight=127.49 88.3695 67.1563 49.9426 17.2137 12.3713 21.2132 39.1203 23.0918 17.0773 13.98 9.86299 12.1144 9.68199
internal_count=1000 660 505 407 98 75 155 340 191 143 121 89 54 47
is_linear=0
shrinkage=0.05


Tree=29
num_leaves=15
num_cat=0
split_feature=10 12 1 0 0 0 0 12 1 7 7 6 7 11
split_gain=25.095 21.7195 14.9236 9.56762 7.22752 6.77838 5.24266 5.45977 5.82898 5.50376 11.8154 4.44774 2.63755 2.01725
threshold=0.25130953022075758 2.5000000000000004 1.2065701001694851 0.56340078020477657 0.69229598157158145 0.82098373394919821 0.69087935312360671 2.5000000000000004 1.1983389324685874 -0.98766270264901779 1.0275157704130304 0.0018914033093967127 -0.73439651998041955 -0.14176083379571733
decision_type=2 2 2 2 2 2 2 2 2 2 2 2 2 2
left_child=1 2 4 12 -1 -3 -2 8 -8 -10 -11 -6 -4 -7
right_child=6 5 3 -5 11 13 7 -9 9 10 -12 -13 -14 -15
leaf_value=-0.060056731159405512 -0.056601494288149673 -0.056535242009831232 0.039718051010079275 0.056014018958095983 0.034043339675773589 -0.026330677245471834 -0.066973686969740431 -0.060384789046766751 0.059784648275643629 -0.056544629211420706 0.057400482614282537 -0.029918594913880575 -0.010803142164212043 0.020097496754450068
leaf_weight=5.2580731436610249 15.348404504358767 11.041219532489778 3.7295623421668997 36.247687309980392 7.3922672867774946 3.9966517090797424 2.9901764988899293 5.7762092128396025 3.9513798877596882 5.6289066746830887 3.8183697611093521 4.2982606142759323 8.4064334630966169 5.6427150219678861
leaf_count=43 149 108 20 353 35 21 22 48 32 55 34 20 34 26
internal_value=-1.42061e-05 0.014869 0.0290051 0.0431487 -0.011371 -0.0297887 -0.0341392 -0.0185849 -0.00385259 0.0102341 -0.0104907 0.0105264 0.00472273 0.000847556
internal_weight=123.526 86.0129 65.3323 48.3837 16.9486 20.6806 37.5134 22.165 16.3888 13.3987 9.44728 11.6905 12.136 9.63937
internal_count=1000 660 505 407 98 155 340 191 143 121 89 55 54 47
is_linear=0
shrinkage=0.05


Tree=30
num_leaves=15
num_cat=0
split_feature=10 12 1 0 0 0 0 12 1 7 7 6 2 9
split_gain=23.5724 20.1911 14.0555 9.34227 6.81103 6.54219 4.97049 5.14288 5.46649 5.18913 11.1618 4.02333 2.47187 1.97157
threshold=0.25130953022075758 2.5000000000000004 1.2065701001694851 0.56340078020477657 0.69229598157158145 0.82098373394919821 0.69087935312360671 2.5000000000000004 1.1983389324685874 -0.98766270264901779 1.0275157704130304 0.0018914033093967127 0.29020513911949303 -0.41073787304166137
decision_type=2 2 2 2 2 2 2 2 2 2 2 2 2 2
left_child=1 2 4 12 -1 -3 -2 8 -8 -10 -11 -6 -4 -7
right_child=6 5 3 -5 11 13 7 -9 9 10 -12 -13 -14 -15
leaf_value=-0.059497039424287884 -0.056238234336815573 -0.056176020891613769 0.034393667964213399 0.055612187775146427 0.03245613440502311 0.025685816387045826 -0.066013829227412071 -0.059824674059338494 0.059267647683711303 -0.056184840157052718 0.056987655529955099 -0.028404263787898849 -0.012639008248741528 -0.019774732831780616
leaf_weight=5.0474901571869877 14.691769018769262 10.568191319704058 4.3986567258834821 34.722705319523811 7.3667416870594007 4.3574121594429016 2.8846488445997265 5.5446377247571936 3.7906244844198218 5.3878005519509298 3.6577903777360916 4.3009686321020126 7.6559900939464569 5.2687601596117002
leaf_count=43 149 108 20 353 35 19 22 48 32 55 34 20 34 28
internal_value=-1.48038e-05 0.0145328 0.0283836 0.0424463 -0.0109709 -0.0290152 -0.0338728 -0.0184212 -0.00381844 0.0101586 -0.010421 0.0100217 0.00452289 0.000803576
internal_weight=119.644 83.6869 63.4926 46.7774 16.7152 20.1944 35.9573 21.2655 15.7209 12.8362 9.04559 11.6677 12.0546 9.62617
internal_count=1000 660 505 407 98 155 340 191 143 121 89 55 54 47
is_linear=0
shrinkage=0.05


Tree=31
num_leaves=15
num_cat=0
split_feature=10 12 1 0 7 7 0 0 12 1 7 7 7 7
split_gain=22.1456 18.7593 13.2127 9.16809 6.57527 10.2511 6.30595 4.71345 4.84682 5.13018 4.89475 10.5485 2.42793 1.86962
threshold=0.25130953022075758 2.5000000000000004 1.2065701001694851 0.56340078020477657 1.0475922753079308 -1.0234989052205608 0.82098373394919821 0.69087935312360671 2.5000000000000004 1.1983389324685874 -0.98766270264901779 1.0275157704130304 0.53700440828031959 -0.27684753646516602
decision_type=2 2 2 2 2 2 2 2 2 2 2 2 2 2
left_child=1 2 4 12 5 -1 -3 -2 9 -9 -11 -12 -4 -8
right_child=7 6 3 -5 -6 -7 13 8 -10 10 11 -13 -14 -15
leaf_value=0.024333589216373335 -0.055897105293511364 -0.055838641332566746 -0.014599555933954025 0.055228876462026288 0.039300562283067497 -0.070230398163505112 0.0251385784315864 -0.065114141197771355 -0.059298087217066003 0.058781855797119247 -0.055846926267645924 0.056600581250028918 0.030977377130516459 -0.019244457736146151
leaf_weight=4.9357908591628084 14.058370359241961 10.111974924802782 7.0448788702487928 33.252701312303543 4.7159288972616187 6.8337719440460214 4.3207377940416336 2.780912101268771 5.3198714628815642 3.6347968801856032 5.1552588343620283 3.502589225769043 4.9930184483528137 5.263082489371298
leaf_count=28 149 108 34 353 23 47 20 22 48 32 55 34 20 27
internal_value=-1.57621e-05 0.0141954 0.0277427 0.0416936 -0.0105847 -0.0305732 -0.0282957 -0.0336224 -0.0182672 -0.00378632 0.0100876 -0.0103555 0.00430461 0.000765043
internal_weight=115.924 81.4719 61.7761 45.2906 16.4855 11.7696 19.6958 34.4518 20.3934 15.0736 12.2926 8.65785 12.0379 9.58382
internal_count=1000 660 505 407 98 75 155 340 191 143 121 89 54 47
is_linear=0
shrinkage=0.05


Tree=32
num_leaves=15
num_cat=0
split_feature=10 12 1 0 0 0 0 12 1 7 7 6 7 11
split_gain=20.826 17.3616 12.5519 9.2325 6.48857 6.05206 4.55772 4.66701 4.80359 4.81558 10.3632 3.51179 2.54654 1.82119
threshold=0.25027678461334735 2.5000000000000004 1.2065701001694851 0.56340078020477657 0.69229598157158145 0.82098373394919821 0.69087935312360671 2.5000000000000004 1.1983389324685874 -0.98766270264901779 1.0275157704130304 0.0018914033093967127 -0.73439651998041955 -0.14176083379571733
decision_type=2 2 2 2 2 2 2 2 2 2 2 2 2 2
left_child=1 2 4 12 -1 -3 -2 8 -8 -10 -11 -6 -4 -7
right_child=6 5 3 -5 11 13 7 -9 9 10 -12 -13 -14 -15
leaf_value=-0.059185841878777734 -0.055576531180698975 -0.055521556350261486 0.038819973002205341 0.055544141544025129 0.031362187263516993 -0.025433171918953362 -0.064270274247501452 -0.058746016565459649 0.058285550166539357 -0.055885610774798124 0.056239827147452563 -0.025978290383517139 -0.011116845092342672 0.018961110307851178
leaf_weight=4.7774265110492733 13.447917893528937 9.5827918723225611 3.6701356768608084 31.44822008907795 7.2261548712849599 3.9202071726322174 2.6791347414255169 5.1915347501635543 3.5918277576565734 5.1123217269778234 3.4523977339267731 4.2352195680141449 8.3873085677623731 5.6248263418674451
leaf_count=43 149 107 20 350 35 21 22 49 33 56 35 20 34 26
internal_value=-1.78529e-05 0.0140068 0.0272803 0.0412819 -0.0102318 -0.0274523 -0.0330619 -0.0179437 -0.00366549 0.00969097 -0.0106884 0.0101737 0.0040833 0.000728091
internal_weight=112.347 78.8723 59.7445 43.5057 16.2388 19.1278 33.4751 20.0272 14.8357 12.1565 8.56472 11.4614 12.0574 9.54503
internal_count=1000 656 502 404 98 154 344 195 146 124 91 55 54 47
is_linear=0
shrinkage=0.05


Tree=33
num_leaves=15
num_cat=0
split_feature=10 12 1 0 0 0 0 12 1 7 7 7 7 9
split_gain=19.5795 16.1376 11.8288 9.02899 6.1173 5.84224 4.32366 4.4028 4.51388 4.54635 9.79904 3.27204 2.3408 1.79307
threshold=0.25027678461334735 2.5000000000000004 1.2065701001694851 0.56340078020477657 0.69229598157158145 0.82098373394919821 0.69087935312360671 2.5000000000000004 1.1983389324685874 -0.98766270264901779 1.0275157704130304 -0.88983878789586079 -0.73439651998041955 -0.41073787304166137
decision_type=2 2 2 2 2 2 2 2 2 2 2 2 2 2
left_child=1 2 4 12 -1 -3 -2 8 -8 -10 -11 -6 -4 -7
right_child=6 5 3 -5 11 13 7 -9 9 10 -12 -13 -14 -15
leaf_value=-0.058683720210456029 -0.055275074055450839 -0.055223345095664622 0.037652463304392883 0.055244595461145553 0.048259156234442491 0.024454177087764914 -0.063478260246669846 -0.05828280808767692 0.057856605357874714 -0.055570667828914858 0.055898583589576438 -0.0088610237744334193 -0.010569210282389444 -0.019101270057407412
leaf_weight=4.582326345145705 12.860053420066832 9.1634112596511859 3.5966328978538504 30.072567984461784 3.7131702154874811 4.3308906555175781 2.5794607102870968 4.9765937551856032 3.4413412287831298 4.8898535668849927 3.3035622835159302 7.7190888673067066 8.3809616863727552 5.2001587301492673
leaf_count=43 149 107 20 350 19 19 22 49 33 56 35 36 34 28
internal_value=-1.81308e-05 0.0136872 0.0266957 0.0406226 -0.00987303 -0.0267168 -0.0328413 -0.0178082 -0.00363744 0.00962945 -0.0106266 0.00969147 0.0039108 0.000690242
internal_weight=108.81 76.7592 58.0647 42.0502 16.0146 18.6945 32.0509 19.1908 14.2142 11.6348 8.19342 11.4323 11.9776 9.53105
internal_count=1000 656 502 404 98 154 344 195 146 124 91 55 54 47
is_linear=0
shrinkage=0.05


Tree=34
num_leaves=15
num_cat=0
split_feature=10 12 1 0 7 7 0 0 12 1 7 7 7 7
split_gain=18.4178 15.0116 11.1343 8.83081 6.26348 9.378 5.63244 4.10234 4.15527 4.24422 4.29383 9.26857 2.46548 1.68323
threshold=0.25027678461334735 2.5000000000000004 1.2065701001694851 0.56340078020477657 1.0475922753079308 -1.0234989052205608 0.82098373394919821 0.69087935312360671 2.5000000000000004 1.1983389324685874 -0.98766270264901779 1.0275157704130304 0.53700440828031959 -0.27684753646516602
decision_type=2 2 2 2 2 2 2 2 2 2 2 2 2 2
left_child=1 2 4 12 5 -1 -3 -2 9 -9 -11 -12 -4 -8
right_child=7 6 3 -5 -6 -7 13 8 -10 10 11 -13 -14 -15
leaf_value=0.023642234941702811 -0.054991417135114073 -0.054942717015494927 -0.015607390793800731 0.054962716584817939 0.039474734674531421 -0.06918059734291257 0.0237896029624639 -0.062734468091978565 -0.057846329773099038 0.05745238690654713 -0.055274096998667914 0.05557791039395657 0.030510801537677101 -0.018513039199986928
leaf_weight=4.7237438410520545 12.294363334774973 8.7598999515175837 6.9060443937778455 28.748903051018715 4.608957663178443 6.4182735681533805 4.3002423197031021 2.4820109456777599 4.7686967551708213 3.2959529832005519 4.6756975725293124 3.1601177528500557 4.993344247341156 5.1891015172004682
leaf_count=28 149 107 34 350 23 47 20 22 49 33 56 35 20 27
internal_value=-1.77791e-05 0.0133857 0.0261401 0.0399693 -0.00954879 -0.0298276 -0.0260316 -0.0326336 -0.0176805 -0.00361101 0.00957154 -0.0105684 0.0037452 0.000657055
internal_weight=105.325 74.6485 56.3993 40.6483 15.751 11.142 18.2492 30.6768 18.3825 13.6138 11.1318 7.83582 11.8994 9.48934
internal_count=1000 656 502 404 98 75 154 344 195 146 124 91 54 47
is_linear=0
shrinkage=0.05


Tree=35
num_leaves=15
num_cat=0
split_feature=10 12 1 0 0 0 0 12 1 7 7 6 7 11
split_gain=17.3189 13.9367 10.4531 8.69783 5.84159 5.43127 3.89297 3.92319 3.99298 4.05679 8.76947 3.08715 2.26506 1.64679
threshold=0.25027678461334735 2.5000000000000004 1.2065701001694851 0.56340078020477657 0.69229598157158145 0.82098373394919821 0.69087935312360671 2.5000000000000004 1.1983389324685874 -0.98766270264901779 1.0275157704130304 0.0018914033093967127 -0.73439651998041955 -0.14176083379571733
decision_type=2 2 2 2 2 2 2 2 2 2 2 2 2 2
left_child=1 2 4 12 -1 -3 -2 8 -8 -10 -11 -6 -4 -7
right_child=6 5 3 -5 11 13 7 -9 9 10 -12 -13 -14 -15
leaf_value=-0.058448675845237288 -0.054724353708484524 -0.054678473612631777 0.036987985704634116 0.054697311106656765 0.030067745185606606 -0.024569643438086656 -0.062035558335296698 -0.057434782356866845 0.057071141192784294 -0.05499466462030668 0.055276357210318705 -0.024364023377389368 -0.010656684014210688 0.017914220744010306
leaf_weight=4.3418447598814955 11.750388197600843 8.3719247132539767 3.5546891689300528 27.47613787651062 7.0296291038393957 3.8462968766689301 2.3868855386972454 4.5678047910332671 3.1556209176778811 4.4696880951523745 3.0219805762171745 4.1384623050689697 8.3642882406711561 5.6051247417926771
leaf_count=43 149 107 20 350 35 21 22 49 33 56 35 20 34 26
internal_value=-1.96251e-05 0.013064 0.0255346 0.0392235 -0.00923534 -0.0253518 -0.0324378 -0.0175601 -0.0035861 0.00951697 -0.0105137 0.00989744 0.00355276 0.000625229
internal_weight=102.081 72.7284 54.9051 39.3951 15.5099 17.8233 29.3524 17.602 13.0342 10.6473 7.49167 11.1681 11.919 9.45142
internal_count=1000 656 502 404 98 154 344 195 146 124 91 55 54 47
is_linear=0
shrinkage=0.05


Tree=36
num_leaves=15
num_cat=0
split_feature=10 12 1 0 7 7 0 0 12 1 7 7 7 9
split_gain=16.2937 12.9462 9.84691 8.50546 5.73197 8.82888 5.24277 3.69484 3.70546 3.37375 3.75987 8.2996 2.35546 1.63386
threshold=0.25027678461334735 2.5000000000000004 1.2065701001694851 0.56340078020477657 1.0475922753079308 -1.0234989052205608 0.82098373394919821 0.69087935312360671 2.5000000000000004 1.2407424680396617 -0.98766270264901779 1.0275157704130304 0.53700440828031959 -0.41073787304166137
decision_type=2 2 2 2 2 2 2 2 2 2 2 2 2 2
left_child=1 2 4 12 5 -1 -3 -2 9 -9 -11 -12 -4 -8
right_child=7 6 3 -5 -6 -7 13 8 -10 10 11 -13 -14 -15
leaf_value=0.023275224788298653 -0.054472773326899274 -0.054429527191402698 -0.01563861716881905 0.054447283719241173 0.038235198434065115 -0.068177423719741823 0.023313818227545219 -0.057091473723990663 -0.057046521044699552 0.056751544300528201 -0.054731235290333802 0.054992612985122424 0.029518218803501441 -0.018457256537908671
leaf_weight=4.6364910602569571 11.227630667388441 7.9991228133440044 6.8485864996910077 26.253093779087067 4.5355158895254126 6.1259761974215499 4.3037613779306412 2.38162533938885 4.3738540038466445 2.9328250288963336 4.2716449499130213 2.8890533819794655 4.9933210015296936 5.1331810057163221
leaf_count=28 149 107 34 350 23 47 19 23 49 32 56 35 20 28
internal_value=-1.99532e-05 0.0127572 0.0249729 0.0385799 -0.00891108 -0.0287795 -0.0246498 -0.0322531 -0.0174466 -0.0035626 0.00906785 -0.0104621 0.00340245 0.000592636
internal_weight=98.9057 70.829 53.393 38.095 15.298 10.7625 17.4361 28.0766 16.849 12.4751 10.0935 7.1607 11.8419 9.43694
internal_count=1000 656 502 404 98 75 154 344 195 146 123 91 54 47
is_linear=0
shrinkage=0.05


Tree=37
num_leaves=15
num_cat=0
split_feature=10 7 7 0 1 12 1 0 12 1 7 7 12 1
split_gain=15.3222 12.373 19.524 13.1031 12.5197 21.1429 4.03232 3.51165 3.50289 3.15916 3.5546 7.85703 3.06383 1.28087
threshold=0.25027678461334735 1.0275157704130304 -0.90113418415496438 0.56283490338762465 1.2065701001694851 2.5000000000000004 1.1983389324685874 0.69087935312360671 2.5000000000000004 1.2407424680396617 -0.98766270264901779 1.0275157704130304 2.5000000000000004 1.2065701001694851
decision_type=2 2 2 2 2 2 2 2 2 2 2 2 2 2
left_child=1 2 6 -4 -5 -6 -1 -2 9 -9 -11 -12 13 -3
right_child=7 12 3 4 5 -7 -8 8 -10 10 11 -13 -14 -15
leaf_value=0.00096251322771132941 -0.05423565185988613 0.036420219390977858 -0.087791440268337795 -0.06665668749489391 0.052769455292274808 -0.06419278890444173 0.051456748051753189 -0.056169461024901481 -0.056680022967790039 0.056409988051873972 -0.054482762555600799 0.054725470685413703 0.0079786482219538039 0.06856713941258373
leaf_weight=5.3947058767080334 10.725565031170847 4.5237656235694912 6.5933586284518269 6.6417956762015846 11.659869343042375 5.778712347149848 14.802514180541037 2.3017200678586986 4.1867598183453074 2.8062539175152796 4.0813768133521044 2.7612280771136284 3.8052365630865088 9.8357223421335203
leaf_count=36 149 23 45 51 158 50 153 23 49 32 56 35 35 105
internal_value=-2.16423e-05 0.0124454 -0.000203368 -0.0253385 -0.00823853 0.0140111 0.0379697 -0.0320611 -0.017323 -0.00353462 0.00902133 -0.0104135 0.0478689 0.0584397
internal_weight=95.8986 69.0357 50.871 30.6737 24.0804 17.4386 20.1972 26.8629 16.1373 11.9506 9.64886 6.8426 18.1647 14.3595
internal_count=1000 656 493 304 259 208 189 344 195 146 123 91 163 128
is_linear=0
shrinkage=0.05


Tree=38
num_leaves=15
num_cat=0
split_feature=10 7 7 0 1 12 1 0 12 1 7 7 12 1
split_gain=14.4182 11.3983 18.1078 12.0514 11.7421 19.9233 3.81363 3.33835 3.31267 2.95819 3.36154 7.43993 2.95046 1.34197
threshold=0.25027678461334735 1.0275157704130304 -0.90113418415496438 0.56283490338762465 1.2065701001694851 2.5000000000000004 1.1983389324685874 0.69087935312360671 2.5000000000000004 1.2407424680396617 -0.98766270264901779 1.0275157704130304 2.5000000000000004 1.2065701001694851
decision_type=2 2 2 2 2 2 2 2 2 2 2 2 2 2
left_child=1 2 6 -4 -5 -6 -1 -2 9 -9 -11 -12 13 -3
right_child=7 12 3 4 5 -7 -8 8 -10 10 11 -13 -14 -15
leaf_value=0.00091442598037262527 -0.054012054329288572 0.034697365966210786 -0.085506739067572335 -0.065713932156046595 0.052364014369786653 -0.063484147119245896 0.050191703870522124 -0.05525955028420431 -0.056333904885556452 0.056087095244512046 -0.054248278637442339 0.054473814364696387 0.0075483507777476394 0.067841825459980618
leaf_weight=5.3944834470748928 10.243640497326853 4.5112901777029064 6.4350778907537487 6.4062030166387585 11.174929320812227 5.5566834434866896 14.426500737667082 2.2246055826544753 4.0064188204705706 2.6843700557947141 3.8986820355057716 2.638388454914093 3.8206425011157981 9.4535332918167096
leaf_count=36 149 23 45 51 158 50 153 23 49 32 56 35 35 105
internal_value=-2.37064e-05 0.0121603 -0.000198263 -0.0249829 -0.00815003 0.01389 0.0367804 -0.0318773 -0.0172039 -0.0035074 0.00897743 -0.0103676 0.0464826 0.0571346
internal_weight=92.8754 67.1793 49.3939 29.5729 23.1378 16.7316 19.821 25.6961 15.4525 11.446 9.22144 6.53707 17.7855 13.9648
internal_count=1000 656 493 304 259 208 189 344 195 146 123 91 163 128
is_linear=0
shrinkage=0.05


Tree=39
num_leaves=15
num_cat=0
split_feature=10 12 1 0 0 0 0 12 1 7 7 6 2 11
split_gain=13.5695 10.7744 8.0526 7.74474 5.78267 5.07381 3.17439 3.13394 2.76983 3.17987 7.04666 2.53763 1.97488 1.41978
threshold=0.25027678461334735 2.5000000000000004 1.2065701001694851 0.56340078020477657 0.69229598157158145 0.82098373394919821 0.69087935312360671 2.5000000000000004 1.2407424680396617 -0.98766270264901779 1.0275157704130304 0.0018914033093967127 0.29020513911949303 -0.14176083379571733
decision_type=2 2 2 2 2 2 2 2 2 2 2 2 2 2
left_child=1 2 4 12 -1 -3 -2 8 -8 -10 -11 -6 -4 -7
right_child=6 5 3 -5 11 13 7 -9 9 10 -12 -13 -14 -15
leaf_value=-0.058677845171794252 -0.053801111174035736 -0.054048233531190815 0.03095287654589713 0.053765151983496809 0.030565994958097337 -0.02242809064064975 -0.054358661259065126 -0.056006880624076431 0.055781667023366378 -0.054026906436997583 0.054236630857203864 -0.020112981726521192 -0.012028230803307496 0.017987016182975359
leaf_weight=4.0020435787737361 9.781290680170061 7.3505237996578243 4.1896641254425031 22.789854556322098 6.6912973001599294 3.6162501499056816 2.1502956971526137 3.8327129036188117 2.5670792162418348 3.7233523651957512 2.5204104781150818 3.9154794365167618 7.3805235624313354 5.4451290518045408
leaf_count=43 149 107 20 350 35 21 23 49 32 56 35 20 34 26
internal_value=-2.61557e-05 0.0118797 0.0236303 0.0368512 -0.00746515 -0.0231812 -0.031701 -0.017089 -0.00348083 0.00893596 -0.0103243 0.0118579 0.0035356 0.001858
internal_weight=89.9559 65.3808 48.9689 34.36 14.6088 16.4119 24.5751 14.7939 10.9611 8.81084 6.24376 10.6068 11.5702 9.06138
internal_count=1000 656 502 404 98 154 344 195 146 123 91 55 54 47
is_linear=0
shrinkage=0.05


Tree=40
num_leaves=15
num_cat=0
split_feature=10 7 7 0 1 12 1 0 12 12 1 7 7 1
split_gain=12.7665 10.7079 17.146 10.6993 10.6114 18.231 3.49349 3.01921 2.96591 2.64805 2.59317 3.00884 6.67568 1.33122
threshold=0.25027678461334735 1.0275157704130304 -0.90113418415496438 0.56283490338762465 1.2065701001694851 2.5000000000000004 1.1983389324685874 0.69087935312360671 2.5000000000000004 2.5000000000000004 1.2407424680396617 -0.98766270264901779 1.0275157704130304 1.2065701001694851
decision_type=2 2 2 2 2 2 2 2 2 2 2 2 2 2
left_child=1 2 6 -4 -5 -6 -1 -2 10 13 -9 -12 -13 -3
right_child=7 9 3 4 5 -7 -8 8 -10 -11 11 12 -14 -15
leaf_value=0.001390529926868141 -0.053602016946652037 0.033718865959094894 -0.083643088368331564 -0.064952232047194053 0.051664477546677356 -0.062932398725577474 0.049215852877724488 -0.053463952068600176 -0.055697765748704053 0.0084763978348506401 0.055492595767481293 -0.05381781676282258 0.054012969044893569 0.067318133297280161
leaf_weight=5.2962267398834255 9.3379366360604781 4.429852411150935 6.2045257836580303 6.1102616079151657 10.247498035430906 5.2479946985840789 13.684616118669508 2.0787908658385268 3.6655109561979762 3.7484812363982192 2.454279921948908 3.5551747605204582 2.4071651622653008 8.8128852844238263
leaf_count=36 149 23 45 51 158 50 153 23 49 35 32 56 35 105
internal_value=-2.6992e-05 0.01158 -0.00076539 -0.0257703 -0.00915091 0.0128529 0.0358711 -0.0315314 -0.0169777 0.0455771 -0.00345481 0.00889677 -0.0102835 0.0560788
internal_weight=87.2812 63.7823 46.7911 27.8103 21.6058 15.4955 18.9808 23.4989 14.1609 16.9912 10.4954 8.41662 5.96234 13.2427
internal_count=1000 656 493 304 259 208 189 344 195 163 146 123 91 128
is_linear=0
shrinkage=0.05


Tree=41
num_leaves=15
num_cat=0
split_feature=10 7 7 0 1 12 1 0 12 12 1 7 7 1
split_gain=12.0187 9.85827 15.9054 9.86423 9.96342 17.1854 3.29755 2.87233 2.80786 2.55057 2.42739 2.84773 6.32558 1.38024
threshold=0.25027678461334735 1.0275157704130304 -0.90113418415496438 0.56283490338762465 1.2065701001694851 2.5000000000000004 1.1983389324685874 0.69087935312360671 2.5000000000000004 2.5000000000000004 1.2407424680396617 -0.98766270264901779 1.0275157704130304 1.2065701001694851
decision_type=2 2 2 2 2 2 2 2 2 2 2 2 2 2
left_child=1 2 6 -4 -5 -6 -1 -2 10 13 -9 -12 -13 -3
right_child=7 9 3 4 5 -7 -8 8 -10 -11 11 12 -14 -15
leaf_value=0.0013210980356436683 -0.053414029882259455 0.032138792930512465 -0.081652633360074889 -0.064115750743299824 0.051263496422699985 -0.062295641456818665 0.047947937229718227 -0.052572837429793601 -0.055405463260045557 0.0080177990743409856 0.055218860390362723 -0.053620248021801466 0.053801968051815779 0.066619268040529353
leaf_weight=5.2958530411124256 8.9129909388721007 4.4156289845705059 6.042113825678828 5.8861614800989654 9.8220553845167142 5.0417798198759547 13.352720335125921 2.0100790783762923 3.5046715252101412 3.7643219977617255 2.3458638489246351 3.3939323015511036 2.2985193133354187 8.4687996208667737
leaf_count=36 149 23 45 51 158 50 153 23 49 35 32 56 35 105
internal_value=-2.9822e-05 0.0113094 -0.00075013 -0.0254298 -0.00905849 0.0127445 0.0347068 -0.031368 -0.0168697 0.0442243 -0.00342923 0.00885973 -0.0102449 0.0548024
internal_weight=84.5555 62.0894 45.4407 26.7921 20.75 14.8638 18.6486 22.4661 13.5531 16.6488 10.0484 8.03832 5.69245 12.8844
internal_count=1000 656 493 304 259 208 189 344 195 163 146 123 91 128
is_linear=0
shrinkage=0.05


Tree=42
num_leaves=15
num_cat=0
split_feature=10 7 7 0 1 12 1 0 12 1 1 7 7 0
split_gain=11.316 9.07352 14.7535 9.10918 9.36091 16.2022 3.10787 2.73326 2.65913 2.50687 2.27172 2.6959 5.99504 1.17274
threshold=0.25027678461334735 1.0275157704130304 -0.90113418415496438 0.56283490338762465 1.2065701001694851 2.5000000000000004 1.1983389324685874 0.69087935312360671 2.5000000000000004 1.2065701001694851 1.2407424680396617 -0.98766270264901779 1.0275157704130304 0.79835541202895854
decision_type=2 2 2 2 2 2 2 2 2 2 2 2 2 2
left_child=1 2 6 -4 -5 -6 -1 -2 10 -3 -9 -12 -13 -8
right_child=7 9 3 4 5 -7 13 8 -10 -11 11 12 -14 -15
leaf_value=0.0012551300988436417 -0.05323646333418075 0.014694944078590212 -0.079807640105923561 -0.063331291969221867 0.050861232740295283 -0.061692277893356851 0.03504319801847533 -0.051682984266963328 -0.055128960170224339 0.056517353611699898 0.054959521907172661 -0.053433499287827951 0.053602819958846221 0.066005225393851938
leaf_weight=5.2954979762434986 8.505863334983589 5.3129121214151409 5.8769047036767033 5.6666808985173729 9.4150693267583829 4.8416054248809806 8.1395919695496541 1.9441371709108333 3.3500444851815692 11.004695385694502 2.2417180687189093 3.2394062988460073 2.194336861371994 4.8990754783153525
leaf_count=36 149 32 45 51 158 50 101 23 49 131 32 56 35 52
internal_value=-3.29788e-05 0.0110426 -0.000735918 -0.0251055 -0.00896967 0.0126378 0.0335575 -0.0312101 -0.0167645 0.0429002 -0.00340401 0.00882469 -0.0102085 0.0466767
internal_weight=81.9275 60.452 44.1344 25.8003 19.9234 14.2567 18.3342 21.4755 12.9696 16.3176 9.6196 7.67546 5.43374 13.0387
internal_count=1000 656 493 304 259 208 189 344 195 163 146 123 91 153
is_linear=0
shrinkage=0.05


Tree=43
num_leaves=15
num_cat=0
split_feature=10 12 7 7 0 1 0 0 12 1 7 7 1 3
split_gain=10.6489 8.95024 6.37329 9.68068 12.998 15.3742 4.85172 2.60157 2.51909 2.1255 2.55275 5.68285 1.61089 1.48663
threshold=0.25027678461334735 2.5000000000000004 1.0133380551681013 -0.90113418415496438 0.56283490338762465 1.2065701001694851 0.82098373394919821 0.69087935312360671 2.5000000000000004 1.2407424680396617 -0.98766270264901779 1.0275157704130304 1.1983389324685874 0.44330596480773143
decision_type=2 2 2 2 2 2 2 2 2 2 2 2 2 2
left_child=1 2 3 12 -5 -6 -3 -2 9 -9 -11 -12 -1 -4
right_child=7 6 13 4 5 -7 -8 8 -10 10 11 -13 -14 -15
leaf_value=0.018981835262588492 -0.053068673999440888 -0.053854084405378505 0.067301484138955411 -0.081433118903643104 -0.064250304117064228 0.050424677336326496 0.0028773631813207795 -0.050792306694503957 -0.05486731002919415 0.054713709565242935 -0.053256914585968797 0.053414782763304372 0.056000542508977846 0.032128444632147715
leaf_weight=4.48288370668888 8.1159625127911585 6.7496242821216574 7.2222158014774305 5.0484025254845681 4.3480432331562033 8.9165279045701009 8.5332088619470579 1.8809322193264941 3.2014730460941783 2.1417261138558379 3.0913775153458127 2.0944800414144993 8.5316731557250005 5.1437880322337151
leaf_count=29 149 107 76 31 35 156 47 23 49 32 56 35 121 54
internal_value=-3.86806e-05 0.0107569 0.0222766 0.010279 -0.0131523 0.0128349 -0.0221779 -0.0310571 -0.0166618 -0.00337906 0.00879154 -0.010174 0.0432494 0.0526708
internal_weight=79.5023 58.9764 43.6935 31.3275 18.313 13.2646 15.2828 20.526 12.41 9.20852 7.32758 5.18586 13.0146 12.366
internal_count=1000 656 502 372 222 191 154 344 195 146 123 91 150 130
is_linear=0
shrinkage=0.05


Tree=44
num_leaves=15
num_cat=0
split_feature=10 12 1 0 0 0 7 7 0 12 8 1 7 7
split_gain=10.0349 8.32976 6.01813 5.5874 5.1184 4.66997 3.33171 7.86793 2.47685 2.38719 2.09853 1.9881 2.41773 5.38788
threshold=0.25027678461334735 2.5000000000000004 1.3067465139060082 0.67655505931753279 0.56340078020477657 0.82098373394919821 0.78884989649424153 -0.90113418415496438 0.69087935312360671 2.5000000000000004 0.28615924927644826 1.2407424680396617 -0.98766270264901779 1.0275157704130304
decision_type=2 2 2 2 2 2 2 2 2 2 2 2 2 2
left_child=1 2 3 -1 10 -3 7 -5 -2 11 -4 -10 -13 -14
right_child=8 5 4 6 -6 -7 -8 -9 9 -11 -12 12 13 -15
leaf_value=-0.04803334322982631 -0.052910074260903106 -0.053653454532205595 -0.011630435046559051 0.053430007130409241 0.052886758926145687 0.0027322001663997925 0.057173425346822862 -0.052147127713044111 -0.049898983938832867 -0.054619639009892001 0.034512881081011186 0.054480641105723232 -0.053089884976860097 0.053237168575676064
leaf_weight=4.7752811163663855 7.7426989860832718 6.4438425339758387 5.8233948498964327 3.3280920051038256 16.908627428114414 8.5371491685509664 3.4832770898938179 3.7564374543726435 1.8204221725463847 3.0587952286005011 4.2711970508098602 2.0457682237029076 2.9496271386742592 1.9988100342452524
leaf_count=54 149 107 30 20 328 47 21 28 23 49 21 32 56 35
internal_value=-3.99929e-05 0.0105225 0.0218587 -0.0031473 0.036067 -0.0215212 0.0171354 -0.00255027 -0.0309084 -0.0165611 0.0078936 -0.00335429 0.00876016 -0.0101415
internal_weight=76.9434 57.3273 42.3463 15.3431 27.0032 14.981 10.5678 7.08453 19.6161 11.8734 10.0946 8.81463 6.99421 4.94844
internal_count=1000 656 502 123 379 154 69 48 344 195 51 146 123 91
is_linear=0
shrinkage=0.05


Tree=45
num_leaves=15
num_cat=0
split_feature=10 7 7 0 12 1 1 1 0 12 1 7 7 0
split_gain=9.45176 7.87163 13.1953 7.33806 8.10579 13.828 3.05144 2.54112 2.3587 2.26288 1.85895 2.29033 5.10909 1.12043
threshold=0.25027678461334735 1.0133380551681013 -0.90113418415496438 0.56283490338762465 2.5000000000000004 1.2065701001694851 1.1983389324685874 1.2065701001694851 0.69087935312360671 2.5000000000000004 1.2407424680396617 -0.98766270264901779 1.0275157704130304 0.79835541202895854
decision_type=2 2 2 2 2 2 2 2 2 2 2 2 2 2
left_child=1 2 6 -4 5 -5 -1 -3 -2 10 -10 -12 -13 -8
right_child=8 7 3 4 -6 -7 13 -9 9 -11 11 12 -14 -15
leaf_value=-0.00021655369283656847 -0.052760107507797117 0.011723770605072674 -0.076557783017717762 -0.062888977637701002 -0.060359686796512858 0.049671886851999775 0.033973506780289986 0.054813403413630349 -0.04900145554462499 -0.054385128387586162 0.054259557080658494 -0.052931840295787048 0.053069337789188022 0.065556416130041997
leaf_weight=5.1305206194520023 7.385488927364352 5.1071936264634124 5.4543929845094707 4.0824877619743374 5.568676069378852 8.2268564328551275 7.4483710862696153 10.366479292511938 1.7625572755932788 2.9218451753258696 1.953723546117544 2.8139378391206264 1.9071878790855405 4.5075982995331287
leaf_count=36 149 32 44 35 66 156 101 134 23 49 32 56 35 52
internal_value=-3.91424e-05 0.010265 -0.00134495 -0.0257924 -0.0103045 0.0123402 0.0320392 0.0405914 -0.0307637 -0.0164622 -0.00332963 0.00873045 -0.0101107 0.0458808
internal_weight=74.6373 55.8926 40.4189 23.3324 17.878 12.3093 17.0865 15.4737 18.7447 11.3593 8.43741 6.67485 4.72113 11.956
internal_count=1000 656 490 301 257 191 189 166 344 195 146 123 91 153
is_linear=0
shrinkage=0.05


Tree=46
num_leaves=15
num_cat=0
split_feature=10 12 7 7 0 1 0 0 12 1 7 7 1 1
split_gain=8.89794 7.68916 5.44433 8.50703 10.9563 13.02 4.43142 2.24677 2.14569 1.73753 2.17006 4.84551 1.59902 1.50777
threshold=0.25027678461334735 2.5000000000000004 1.0133380551681013 -0.90113418415496438 0.56283490338762465 1.2065701001694851 0.82098373394919821 0.69087935312360671 2.5000000000000004 1.2407424680396617 -0.98766270264901779 1.0275157704130304 1.1983389324685874 1.2065701001694851
decision_type=2 2 2 2 2 2 2 2 2 2 2 2 2 2
left_child=1 2 3 12 -5 -6 -3 -2 9 -9 -11 -12 -1 -4
right_child=7 6 13 4 5 -7 -8 8 -10 10 11 -13 -14 -15
leaf_value=0.017494765251006843 -0.052618262955358597 -0.053531416944312515 0.026613318929881575 -0.077554320154735276 -0.0621528372560353 0.049254418300828495 0.0024493804597501704 -0.048098415031797057 -0.054163019608434053 0.054049788085463707 -0.052782257973350358 0.052910696612024605 0.055476156273854431 0.064188712429935721
leaf_weight=4.3491131365299207 7.0437542162835625 6.1252646781504145 4.2232185155153257 4.7696617096662584 3.9282079488038999 7.8902945667505264 8.36000047624111 1.7072809711098651 2.7904544360935679 1.8654698096215723 2.684094462543726 1.8194751366972921 7.6373349018394947 7.2577841579914093
leaf_count=29 149 107 23 31 35 156 47 23 49 32 56 35 121 107
internal_value=-4.50764e-05 0.0099961 0.0212857 0.00960123 -0.0135895 0.0122251 -0.0212228 -0.0306223 -0.0163647 -0.00330499 0.00870231 -0.0100815 0.0416951 0.0503668
internal_weight=72.4514 54.5409 40.0556 28.5746 16.5882 11.8185 14.4853 17.9105 10.8668 8.07632 6.36904 4.50357 11.9864 11.481
internal_count=1000 656 502 372 222 191 154 344 195 146 123 91 150 130
is_linear=0
shrinkage=0.05


Tree=47
num_leaves=15
num_cat=0
split_feature=10 12 1 0 0 0 7 7 0 12 1 7 7 8
split_gain=8.38868 7.1574 5.02874 5.3858 4.62209 4.26617 4.10128 6.9014 2.1407 2.03516 1.62338 2.05649 4.59622 1.57492
threshold=0.25027678461334735 2.5000000000000004 1.3067465139060082 0.67655505931753279 0.56340078020477657 0.82098373394919821 1.0475922753079308 -0.90113418415496438 0.69087935312360671 2.5000000000000004 1.2407424680396617 -0.98766270264901779 1.0275157704130304 0.28615924927644826
decision_type=2 2 2 2 2 2 2 2 2 2 2 2 2 2
left_child=1 2 3 -1 13 -3 7 -5 -2 10 -10 -12 -13 -4
right_child=8 5 4 6 -6 -7 -8 -9 9 -11 11 12 -14 -15
leaf_value=-0.047325612107706222 -0.052484057755119155 -0.05334895581440751 -0.0095582955230983178 0.0517129905859827 0.05246731620983322 0.0023260292634585586 0.06803552260304456 -0.04787685336170721 -0.047188824309633476 -0.053952600178651534 0.05385068566120519 -0.052640647033502054 0.052760692805161297 0.031349747910456548
leaf_weight=4.5691972598433486 6.7169262357056168 5.8459558933973303 5.5211329460144061 3.197323650121688 14.673191640526055 8.3630933463573438 2.9218159094452858 3.8155351653695098 1.6545307263731936 2.6644528806209564 1.7808848656713969 2.5598846375942221 1.7355346493422983 4.0999163091182709
leaf_count=54 149 107 30 20 328 47 17 32 23 49 32 56 35 21
internal_value=-4.60891e-05 0.00978006 0.0208989 -0.00239836 0.0348075 -0.02058 0.0182648 -0.00247155 -0.0304838 -0.0162683 -0.0032803 0.00867565 -0.010054 0.00787427
internal_weight=70.1194 53.0072 38.7981 14.5039 24.2942 14.209 9.93467 7.01286 17.1122 10.3953 7.73083 6.0763 4.29542 9.62105
internal_count=1000 656 502 123 379 154 69 52 344 195 146 123 91 51
is_linear=0
shrinkage=0.05


Tree=48
num_leaves=15
num_cat=0
split_feature=10 7 7 0 12 1 1 1 0 12 1 7 7 0
split_gain=7.90487 6.81932 11.7283 6.01709 7.28843 11.684 2.98797 2.5128 2.04019 1.93088 1.51604 1.94921 4.36038 1.13584
threshold=0.25027678461334735 1.0133380551681013 -0.90113418415496438 0.56283490338762465 2.5000000000000004 1.2065701001694851 1.1983389324685874 1.2065701001694851 0.69087935312360671 2.5000000000000004 1.2407424680396617 -0.98766270264901779 1.0275157704130304 0.84270430558539278
decision_type=2 2 2 2 2 2 2 2 2 2 2 2 2 2
left_child=1 2 6 -4 5 -5 -1 -3 -2 10 -10 -12 -13 -9
right_child=8 7 3 4 -6 -7 -8 13 9 -11 11 12 -14 -15
leaf_value=-0.0015627421200122959 -0.052357050194171084 0.0095838417016157855 -0.073579057157269645 -0.060958849008069194 -0.060073276951378908 0.048493955622471108 0.045162367042893621 0.04339326225905199 -0.046271917409184037 -0.053753214366165293 0.053661658654897096 -0.05250654502687499 0.052618810562616136 0.082762632603721895
leaf_weight=4.9713551849126807 6.4044457562267807 4.9250325858592978 5.085325229912999 3.6628587506711501 5.1807085350155822 7.2929682210087776 10.974776726216076 7.1183820106089097 1.6042389422655086 2.5436696857213974 1.6998466625809676 2.4410995692014685 1.6552305743098257 2.4670042544603348
leaf_count=36 149 32 44 35 66 156 153 103 23 49 32 56 35 31
internal_value=-4.42539e-05 0.00954228 -0.0018063 -0.026153 -0.0112069 0.0119006 0.0305954 0.0386113 -0.0303477 -0.0161727 -0.0032555 0.00865038 -0.0100279 0.0535258
internal_weight=68.0269 51.6784 37.168 21.2219 16.1365 10.9558 15.9461 14.5104 16.3485 9.94409 7.40042 5.79618 4.09633 9.58539
internal_count=1000 656 490 301 257 191 189 166 344 195 146 123 91 134
is_linear=0
shrinkage=0.05


Tree=49
num_leaves=15
num_cat=0
split_feature=10 12 7 7 0 1 0 0 12 1 1 1 7 7
split_gain=7.44343 6.62901 4.66797 7.43488 9.31524 11.0067 4.06277 1.94491 1.83245 1.56884 1.53569 1.41514 1.84784 4.1372
threshold=0.25027678461334735 2.5000000000000004 1.0133380551681013 -0.90113418415496438 0.56283490338762465 1.2065701001694851 0.82098373394919821 0.69087935312360671 2.5000000000000004 1.1983389324685874 1.2065701001694851 1.2407424680396617 -0.98766270264901779 1.0275157704130304
decision_type=2 2 2 2 2 2 2 2 2 2 2 2 2 2
left_child=1 2 3 9 -5 -6 -3 -2 11 -1 -4 -9 -13 -14
right_child=7 6 10 4 5 -7 -8 8 -10 -11 -12 12 13 -15
leaf_value=0.016169893251660346 -0.052236818651751372 -0.053260252564063353 0.024177464251298755 -0.074292051324626324 -0.060346263590982323 0.048060651260069399 0.0020843974655507798 -0.045347165246475585 -0.053564234534776156 0.054962266460327619 0.063249891964052285 0.053482151511681175 -0.05237952436468838 0.05248457893183206
leaf_weight=4.2189738079905474 6.1057649217545977 5.567495133727788 4.0750164538621885 4.4820243567228362 3.5186897628009302 6.9982641935348511 8.1996527239680272 1.5563340038061122 2.4279343746602535 6.8184933476150036 6.5681565850973129 1.622234173119067 2.3275345712900175 1.5784292742609976
leaf_count=29 149 107 23 31 35 156 47 23 49 121 107 32 56 35
internal_value=-5.08019e-05 0.00928755 0.0203917 0.00898751 -0.0139328 0.0117906 -0.0202972 -0.0302136 -0.0160776 0.0401342 0.04829 -0.00323052 0.00862643 -0.0100032
internal_weight=66.065 50.4468 36.6796 26.0364 14.999 10.517 13.7671 15.6182 9.51247 11.0375 10.6432 7.08453 5.5282 3.90596
internal_count=1000 656 502 372 222 191 154 344 195 150 130 146 123 91
is_linear=0
shrinkage=0.05


end of trees

feature_importances:
z_score=226
model_confidence=177
vol_ratio=109
regime_state=77
spread_ratio=63
dist_ema50=14
body_ratio=13
sentiment_score=6
atr=5
lower_wick_ratio=4
dist_ema20=4
upper_wick_ratio=2

parameters:
[boosting: gbdt]
[objective: binary]
[metric: binary_logloss]
[tree_learner: serial]
[device_type: cpu]
[data_sample_strategy: bagging]
[data: ]
[valid: ]
[num_iterations: 50]
[learning_rate: 0.05]
[num_leaves: 15]
[num_threads: 0]
[seed: 0]
[deterministic: 0]
[force_col_wise: 0]
[force_row_wise: 0]
[histogram_pool_size: -1]
[max_depth: -1]
[min_data_in_leaf: 20]
[min_sum_hessian_in_leaf: 0.001]
[bagging_fraction: 1]
[pos_bagging_fraction: 1]
[neg_bagging_fraction: 1]
[bagging_freq: 0]
[bagging_seed: 3]
[bagging_by_query: 0]
[feature_fraction: 1]
[feature_fraction_bynode: 1]
[feature_fraction_seed: 2]
[extra_trees: 0]
[extra_seed: 6]
[early_stopping_round: 0]
[early_stopping_min_delta: 0]
[first_metric_only: 0]
[max_delta_step: 0]
[lambda_l1: 0]
[lambda_l2: 0]
[linear_lambda: 0]
[min_gain_to_split: 0]
[drop_rate: 0.1]
[max_drop: 50]
[skip_drop: 0.5]
[xgboost_dart_mode: 0]
[uniform_drop: 0]
[drop_seed: 4]
[top_rate: 0.2]
[other_rate: 0.1]
[min_data_per_group: 100]
[max_cat_threshold: 32]
[cat_l2: 10]
[cat_smooth: 10]
[max_cat_to_onehot: 4]
[top_k: 20]
[monotone_constraints: ]
[monotone_constraints_method: basic]
[monotone_penalty: 0]
[feature_contri: ]
[forcedsplits_filename: ]
[refit_decay_rate: 0.9]
[cegb_tradeoff: 1]
[cegb_penalty_split: 0]
[cegb_penalty_feature_lazy: ]
[cegb_penalty_feature_coupled: ]
[path_smooth: 0]
[interaction_constraints: ]
[verbosity: -1]
[saved_feature_importance_type: 0]
[use_quantized_grad: 0]
[num_grad_quant_bins: 4]
[quant_train_renew_leaf: 0]
[stochastic_rounding: 1]
[linear_tree: 0]
[max_bin: 255]
[max_bin_by_feature: ]
[min_data_in_bin: 3]
[bin_construct_sample_cnt: 200000]
[data_random_seed: 1]
[is_enable_sparse: 1]
[enable_bundle: 1]
[use_missing: 1]
[zero_as_missing: 0]
[feature_pre_filter: 1]
[pre_partition: 0]
[two_round: 0]
[header: 0]
[label_column: ]
[weight_column: ]
[group_column: ]
[ignore_column: ]
[categorical_feature: ]
[forcedbins_filename: ]
[precise_float_parser: 0]
[parser_config_file: ]
[objective_seed: 5]
[num_class: 1]
[is_unbalance: 0]
[scale_pos_weight: 1]
[sigmoid: 1]
[boost_from_average: 1]
[reg_sqrt: 0]
[alpha: 0.9]
[fair_c: 1]
[poisson_max_delta_step: 0.7]
[tweedie_variance_power: 1.5]
[lambdarank_truncation_level: 30]
[lambdarank_norm: 1]
[label_gain: ]
[lambdarank_position_bias_regularization: 0]
[eval_at: ]
[multi_error_top_k: 1]
[auc_mu_weights: ]
[num_machines: 1]
[local_listen_port: 12400]
[time_out: 120]
[machine_list_filename: ]
[machines: ]
[gpu_platform_id: -1]
[gpu_device_id: -1]
[gpu_device_id_list: ]
[gpu_use_dp: 0]
[num_gpu: 1]

end of parameters

pandas_categorical:null
